TIME	INTERVALO	Abertura Valvula
0.000	0.000	100.000000
0.000	1.000	100.000000
1.000	1.000	100.000000
2.000	1.000	100.000000
3.000	1.000	100.000000
4.000	1.000	100.000000
5.000	1.000	100.000000
6.000	1.000	100.000000
7.000	1.000	100.000000
8.000	1.000	100.000000
9.000	1.000	100.000000
10.000	1.000	100.000000
11.000	1.000	100.000000
12.000	1.000	100.000000
13.000	1.000	100.000000
14.000	1.000	100.000000
15.000	1.000	100.000000
16.000	1.000	100.000000
17.000	1.000	100.000000
18.000	1.000	100.000000
19.000	1.000	100.000000
20.000	1.000	100.000000
21.000	1.000	100.000000
22.000	1.000	100.000000
23.000	1.000	100.000000
24.000	1.000	100.000000
25.000	1.000	100.000000
26.000	1.000	100.000000
27.000	1.000	100.000000
28.000	1.000	100.000000
29.000	1.000	100.000000
30.000	1.000	100.000000
31.000	1.000	100.000000
32.000	1.000	100.000000
33.000	1.000	100.000000
34.000	1.000	100.000000
35.000	1.000	100.000000
36.000	1.000	100.000000
37.000	1.000	100.000000
38.000	1.000	100.000000
39.000	1.000	100.000000
40.000	1.000	100.000000
41.000	1.000	100.000000
42.000	1.000	100.000000
43.000	1.000	100.000000
44.000	1.000	100.000000
45.000	1.000	100.000000
46.000	1.000	100.000000
47.000	1.000	100.000000
48.000	1.000	100.000000
49.000	1.000	100.000000
50.000	1.000	100.000000
51.000	1.000	100.000000
52.000	1.000	100.000000
53.000	1.000	100.000000
54.000	1.000	100.000000
55.000	1.000	100.000000
56.000	1.000	100.000000
57.000	1.000	100.000000
58.000	1.000	100.000000
59.000	1.000	100.000000
60.000	1.000	100.000000
61.000	1.000	100.000000
62.000	1.000	100.000000
63.000	1.000	100.000000
64.000	1.000	100.000000
65.000	1.000	100.000000
66.000	1.000	100.000000
67.000	1.000	100.000000
68.000	1.000	100.000000
69.000	1.000	100.000000
70.000	1.000	100.000000
71.000	1.000	100.000000
72.000	1.000	100.000000
73.000	1.000	100.000000
74.000	1.000	100.000000
75.000	1.000	100.000000
76.000	1.000	100.000000
77.000	1.000	100.000000
78.000	1.000	100.000000
79.000	1.000	100.000000
80.000	1.000	100.000000
81.000	1.000	100.000000
82.000	1.000	100.000000
83.000	1.000	100.000000
84.000	1.000	100.000000
85.000	1.000	100.000000
86.000	1.000	100.000000
87.000	1.000	100.000000
88.000	1.000	100.000000
89.000	1.000	100.000000
90.000	1.000	100.000000
91.000	1.000	100.000000
92.000	1.000	100.000000
93.000	1.000	100.000000
94.000	1.000	100.000000
95.000	1.000	100.000000
96.000	1.000	100.000000
97.000	1.000	100.000000
98.000	1.000	100.000000
99.000	1.000	100.000000
100.000	1.000	100.000000
101.000	1.000	100.000000
102.000	1.000	100.000000
103.000	1.000	100.000000
104.000	1.000	100.000000
105.000	1.000	100.000000
106.000	1.000	100.000000
107.000	1.000	100.000000
108.000	1.000	100.000000
109.000	1.000	100.000000
110.000	1.000	100.000000
111.000	1.000	100.000000
112.000	1.000	100.000000
113.000	1.000	100.000000
114.000	1.000	100.000000
115.000	1.000	100.000000
116.000	1.000	100.000000
117.000	1.000	100.000000
118.000	1.000	100.000000
119.000	1.000	100.000000
120.000	1.000	100.000000
121.000	1.000	100.000000
122.000	1.000	100.000000
123.000	1.000	100.000000
124.000	1.000	100.000000
125.000	1.000	100.000000
126.000	1.000	100.000000
127.000	1.000	99.474274
128.000	1.000	96.767273
129.000	1.000	96.767273
130.000	1.000	93.671669
131.000	1.000	93.671669
132.000	1.000	86.448929
133.000	1.000	80.603447
134.000	1.000	80.603447
135.000	1.000	80.603447
136.000	1.000	69.946495
137.000	1.000	69.946495
138.000	1.000	69.946495
139.000	1.000	63.790966
140.000	1.000	55.756126
141.000	1.000	55.756126
142.000	1.000	55.756126
143.000	1.000	55.756126
144.000	1.000	49.849163
145.000	1.000	47.537743
146.000	1.000	47.537743
147.000	1.000	42.884411
148.000	1.000	39.238705
149.000	1.000	39.238705
150.000	1.000	39.238705
151.000	1.000	39.238705
152.000	1.000	39.238705
153.000	1.000	39.238705
154.000	1.000	31.492210
155.000	1.000	31.492210
156.000	1.000	30.599712
157.000	1.000	28.163506
158.000	1.000	26.662004
159.000	1.000	26.662004
160.000	1.000	24.901617
161.000	1.000	23.759197
162.000	1.000	23.759197
163.000	1.000	23.759197
164.000	1.000	23.759197
165.000	1.000	23.024536
166.000	1.000	22.323059
167.000	1.000	22.323059
168.000	1.000	21.538437
169.000	1.000	21.489452
170.000	1.000	21.132648
171.000	1.000	21.132648
172.000	1.000	20.186817
173.000	1.000	20.186817
174.000	1.000	20.046722
175.000	1.000	20.046722
176.000	1.000	20.046722
177.000	1.000	19.390774
178.000	1.000	19.390774
179.000	1.000	19.278955
180.000	1.000	19.278955
181.000	1.000	19.506395
182.000	1.000	19.506395
183.000	1.000	19.506395
184.000	1.000	18.068291
185.000	1.000	19.017197
186.000	1.000	18.203999
187.000	1.000	18.203999
188.000	1.000	18.203999
189.000	1.000	18.909407
190.000	1.000	18.909407
191.000	1.000	18.453766
192.000	1.000	18.453766
193.000	1.000	19.693243
194.000	1.000	19.190525
195.000	1.000	19.384361
196.000	1.000	19.384361
197.000	1.000	18.752277
198.000	1.000	18.945385
199.000	1.000	18.945385
200.000	1.000	19.019175
201.000	1.000	19.019175
202.000	1.000	19.511854
203.000	1.000	19.511854
204.000	1.000	19.511854
205.000	1.000	19.511854
206.000	1.000	19.511854
207.000	1.000	18.434513
208.000	1.000	18.434513
209.000	1.000	19.045221
210.000	1.000	18.767666
211.000	1.000	18.767666
212.000	1.000	18.977440
213.000	1.000	18.977440
214.000	1.000	18.800091
215.000	1.000	18.800091
216.000	1.000	18.800091
217.000	1.000	18.800091
218.000	1.000	18.800091
219.000	1.000	18.531073
220.000	1.000	18.532825
221.000	1.000	18.532825
222.000	1.000	18.532825
223.000	1.000	18.532825
224.000	1.000	18.885386
225.000	1.000	18.885386
226.000	1.000	18.537735
227.000	1.000	18.537735
228.000	1.000	18.537735
229.000	1.000	18.537735
230.000	1.000	18.537735
231.000	1.000	18.537735
232.000	1.000	18.537735
233.000	1.000	18.537735
234.000	1.000	18.537735
235.000	1.000	18.537735
236.000	1.000	18.537735
237.000	1.000	18.537735
238.000	1.000	18.537735
239.000	1.000	18.761158
240.000	1.000	18.935919
241.000	1.000	19.018841
242.000	1.000	19.018841
243.000	1.000	19.018841
244.000	1.000	19.018841
245.000	1.000	19.018841
246.000	1.000	19.018841
247.000	1.000	19.018841
248.000	1.000	18.662621
249.000	1.000	18.662621
250.000	1.000	18.662621
251.000	1.000	18.662621
252.000	1.000	18.662621
253.000	1.000	18.590282
254.000	1.000	18.590282
255.000	1.000	18.590282
256.000	1.000	18.590282
257.000	1.000	18.590282
258.000	1.000	18.590282
259.000	1.000	18.590282
260.000	1.000	18.590282
261.000	1.000	18.590282
262.000	1.000	18.590282
263.000	1.000	18.590282
264.000	1.000	18.590282
265.000	1.000	18.590282
266.000	1.000	18.590282
267.000	1.000	18.590282
268.000	1.000	18.590282
269.000	1.000	18.590282
270.000	1.000	18.590282
271.000	1.000	18.590282
272.000	1.000	18.607199
273.000	1.000	18.607199
274.000	1.000	18.607199
275.000	1.000	18.607199
276.000	1.000	18.607199
277.000	1.000	18.607199
278.000	1.000	18.607199
279.000	1.000	18.607199
280.000	1.000	18.607199
281.000	1.000	18.607199
282.000	1.000	18.607199
283.000	1.000	18.607199
284.000	1.000	18.607199
285.000	1.000	18.607199
286.000	1.000	18.607199
287.000	1.000	18.607199
288.000	1.000	18.607199
289.000	1.000	18.607199
290.000	1.000	18.607199
291.000	1.000	18.607199
292.000	1.000	18.607199
293.000	1.000	18.607199
294.000	1.000	18.607199
295.000	1.000	18.607199
296.000	1.000	18.607199
297.000	1.000	18.610418
298.000	1.000	18.610418
299.000	1.000	18.610418
300.000	1.000	18.610418
301.000	1.000	18.610418
302.000	1.000	18.694519
303.000	1.000	18.694519
304.000	1.000	18.694519
305.000	1.000	18.611313
306.000	1.000	18.611313
307.000	1.000	18.620205
308.000	1.000	18.620205
309.000	1.000	18.620407
310.000	1.000	18.620407
311.000	1.000	19.119537
312.000	1.000	19.119537
313.000	1.000	19.093979
314.000	1.000	18.654263
315.000	1.000	18.959881
316.000	1.000	18.959881
317.000	1.000	18.959881
318.000	1.000	18.959881
319.000	1.000	18.669785
320.000	1.000	18.669785
321.000	1.000	18.669785
322.000	1.000	18.731976
323.000	1.000	18.671095
324.000	1.000	18.671095
325.000	1.000	18.671095
326.000	1.000	18.671095
327.000	1.000	18.671095
328.000	1.000	18.671095
329.000	1.000	18.671095
330.000	1.000	18.671095
331.000	1.000	18.671095
332.000	1.000	18.671095
333.000	1.000	18.671095
334.000	1.000	18.671095
335.000	1.000	18.671095
336.000	1.000	18.671095
337.000	1.000	18.671095
338.000	1.000	18.671095
339.000	1.000	18.671095
340.000	1.000	18.671095
341.000	1.000	18.671095
342.000	1.000	18.671095
343.000	1.000	18.671095
344.000	1.000	18.671095
345.000	1.000	18.671095
346.000	1.000	18.671095
347.000	1.000	18.671095
348.000	1.000	18.671095
349.000	1.000	18.671095
350.000	1.000	18.671095
351.000	1.000	18.671095
352.000	1.000	18.671095
353.000	1.000	18.671095
354.000	1.000	18.671095
355.000	1.000	18.671095
356.000	1.000	18.671095
357.000	1.000	18.671095
358.000	1.000	18.671095
359.000	1.000	18.671095
360.000	1.000	18.671095
361.000	1.000	18.671095
362.000	1.000	18.671095
363.000	1.000	18.671095
364.000	1.000	18.671095
365.000	1.000	18.671095
366.000	1.000	18.671095
367.000	1.000	18.671095
368.000	1.000	18.671095
369.000	1.000	18.671095
370.000	1.000	18.671095
371.000	1.000	18.671095
372.000	1.000	18.671095
373.000	1.000	18.671095
374.000	1.000	18.671095
375.000	1.000	18.671095
376.000	1.000	18.671095
377.000	1.000	18.671095
378.000	1.000	18.671095
379.000	1.000	18.671095
380.000	1.000	18.671095
381.000	1.000	18.671095
382.000	1.000	18.671095
383.000	1.000	18.671095
384.000	1.000	18.671095
385.000	1.000	18.671095
386.000	1.000	18.671095
387.000	1.000	18.671095
388.000	1.000	18.671095
389.000	1.000	18.671095
390.000	1.000	18.671095
391.000	1.000	18.671095
392.000	1.000	18.671095
393.000	1.000	18.671095
394.000	1.000	18.671095
395.000	1.000	18.671095
396.000	1.000	18.671095
397.000	1.000	18.671095
398.000	1.000	18.671095
399.000	1.000	18.671095
400.000	1.000	18.671095
401.000	1.000	18.671095
402.000	1.000	18.671095
403.000	1.000	18.671095
404.000	1.000	18.671095
405.000	1.000	18.671095
406.000	1.000	18.671095
407.000	1.000	18.671095
408.000	1.000	18.671095
409.000	1.000	18.671095
410.000	1.000	18.671095
411.000	1.000	18.671095
412.000	1.000	18.671095
413.000	1.000	18.671095
414.000	1.000	18.671095
415.000	1.000	18.671095
416.000	1.000	18.671095
417.000	1.000	18.671095
418.000	1.000	18.671095
419.000	1.000	18.671095
420.000	1.000	18.671095
421.000	1.000	18.671095
422.000	1.000	18.671095
423.000	1.000	18.671095
424.000	1.000	18.671095
425.000	1.000	18.671095
426.000	1.000	18.671095
427.000	1.000	18.671095
428.000	1.000	18.671095
429.000	1.000	18.671095
430.000	1.000	18.671095
431.000	1.000	18.671095
432.000	1.000	18.671095
433.000	1.000	18.671095
434.000	1.000	18.671095
435.000	1.000	18.671095
436.000	1.000	18.671095
437.000	1.000	18.671095
438.000	1.000	18.671095
439.000	1.000	18.671095
440.000	1.000	18.671095
441.000	1.000	18.671095
442.000	1.000	18.671095
443.000	1.000	18.671095
444.000	1.000	18.671095
445.000	1.000	18.671095
446.000	1.000	18.671095
447.000	1.000	18.671095
448.000	1.000	18.671095
449.000	1.000	18.671095
450.000	1.000	18.671095
451.000	1.000	18.671095
452.000	1.000	18.671095
453.000	1.000	18.671095
454.000	1.000	18.671095
455.000	1.000	18.671095
456.000	1.000	18.671095
457.000	1.000	18.671095
458.000	1.000	18.671095
459.000	1.000	18.671095
460.000	1.000	18.671095
461.000	1.000	18.671095
462.000	1.000	18.671095
463.000	1.000	18.671095
464.000	1.000	18.671095
465.000	1.000	18.671095
466.000	1.000	18.671095
467.000	1.000	18.671095
468.000	1.000	18.671095
469.000	1.000	18.671095
470.000	1.000	18.671095
471.000	1.000	18.671095
472.000	1.000	18.671095
473.000	1.000	18.671095
474.000	1.000	18.671095
475.000	1.000	18.671095
476.000	1.000	18.671095
477.000	1.000	18.671095
478.000	1.000	18.671095
479.000	1.000	18.671095
480.000	1.000	18.671095
481.000	1.000	18.671095
482.000	1.000	18.671095
483.000	1.000	18.671095
484.000	1.000	18.671095
485.000	1.000	18.671095
486.000	1.000	18.671095
487.000	1.000	18.671095
488.000	1.000	18.671095
489.000	1.000	18.671095
490.000	1.000	18.671095
491.000	1.000	18.671095
492.000	1.000	18.671095
493.000	1.000	18.671095
494.000	1.000	18.671095
495.000	1.000	18.671095
496.000	1.000	18.671095
497.000	1.000	18.671095
498.000	1.000	18.671095
499.000	1.000	18.671095
500.000	1.000	18.671095
501.000	1.000	18.671095
502.000	1.000	18.671095
503.000	1.000	18.671095
504.000	1.000	18.671095
505.000	1.000	18.671095
506.000	1.000	18.671095
507.000	1.000	18.671095
508.000	1.000	18.671095
509.000	1.000	18.671095
510.000	1.000	18.671095
511.000	1.000	18.671095
512.000	1.000	18.671095
513.000	1.000	18.671095
514.000	1.000	18.671095
515.000	1.000	18.671095
516.000	1.000	18.671095
517.000	1.000	18.671095
518.000	1.000	18.671095
519.000	1.000	18.671095
520.000	1.000	18.671095
521.000	1.000	18.671095
522.000	1.000	18.671095
523.000	1.000	18.671095
524.000	1.000	18.671095
525.000	1.000	18.671095
526.000	1.000	18.671095
527.000	1.000	18.671095
528.000	1.000	18.671095
529.000	1.000	18.671095
530.000	1.000	18.671095
531.000	1.000	18.671095
532.000	1.000	18.671095
533.000	1.000	18.671095
534.000	1.000	18.671095
535.000	1.000	18.671095
536.000	1.000	18.671095
537.000	1.000	18.671095
538.000	1.000	18.671095
539.000	1.000	18.671095
540.000	1.000	18.671095
541.000	1.000	18.671095
542.000	1.000	18.671095
543.000	1.000	18.671095
544.000	1.000	18.671095
545.000	1.000	18.671095
546.000	1.000	18.671095
547.000	1.000	18.671095
548.000	1.000	18.671095
549.000	1.000	18.671095
550.000	1.000	18.671095
551.000	1.000	18.671095
552.000	1.000	18.671095
553.000	1.000	18.671095
554.000	1.000	18.671095
555.000	1.000	18.671095
556.000	1.000	18.671095
557.000	1.000	18.671095
558.000	1.000	18.671095
559.000	1.000	18.671095
560.000	1.000	18.671095
561.000	1.000	18.671095
562.000	1.000	18.671095
563.000	1.000	18.671095
564.000	1.000	18.671095
565.000	1.000	18.671095
566.000	1.000	18.671095
567.000	1.000	18.671095
568.000	1.000	18.671095
569.000	1.000	18.671095
570.000	1.000	18.671095
571.000	1.000	18.671095
572.000	1.000	18.671095
573.000	1.000	18.671095
574.000	1.000	18.671095
575.000	1.000	18.671095
576.000	1.000	18.671095
577.000	1.000	18.671095
578.000	1.000	18.671095
579.000	1.000	18.671095
580.000	1.000	18.671095
581.000	1.000	18.671095
582.000	1.000	18.671095
583.000	1.000	18.671095
584.000	1.000	18.671095
585.000	1.000	18.671095
586.000	1.000	18.671095
587.000	1.000	18.671095
588.000	1.000	18.671095
589.000	1.000	18.671095
590.000	1.000	18.671095
591.000	1.000	18.671095
592.000	1.000	18.671095
593.000	1.000	18.671095
594.000	1.000	18.671095
595.000	1.000	18.671095
596.000	1.000	18.671095
597.000	1.000	18.671095
598.000	1.000	18.671095
599.000	1.000	18.671095
600.000	1.000	18.671095
601.000	1.000	18.671095
602.000	1.000	18.671095
603.000	1.000	18.671095
604.000	1.000	18.671095
605.000	1.000	18.671095
606.000	1.000	18.671095
607.000	1.000	18.671095
608.000	1.000	18.671095
609.000	1.000	18.671095
610.000	1.000	18.671095
611.000	1.000	18.671095
612.000	1.000	18.671095
613.000	1.000	18.671095
614.000	1.000	18.671095
615.000	1.000	18.671095
616.000	1.000	18.671095
617.000	1.000	18.671095
618.000	1.000	18.671095
619.000	1.000	18.671095
620.000	1.000	18.671095
621.000	1.000	18.671095
622.000	1.000	18.671095
623.000	1.000	18.671095
624.000	1.000	18.671095
625.000	1.000	18.671095
626.000	1.000	18.671095
627.000	1.000	18.671095
628.000	1.000	18.671095
629.000	1.000	18.671095
630.000	1.000	18.671095
631.000	1.000	18.671095
632.000	1.000	18.671095
633.000	1.000	18.671095
634.000	1.000	18.671095
635.000	1.000	18.671095
636.000	1.000	18.671095
637.000	1.000	18.671095
638.000	1.000	18.671095
639.000	1.000	18.671095
640.000	1.000	18.671095
641.000	1.000	18.671095
642.000	1.000	18.671095
643.000	1.000	18.671095
644.000	1.000	18.671095
645.000	1.000	18.671095
646.000	1.000	18.671095
647.000	1.000	18.671095
648.000	1.000	18.671095
649.000	1.000	18.671095
650.000	1.000	18.671095
651.000	1.000	18.671095
652.000	1.000	18.671095
653.000	1.000	18.671095
654.000	1.000	18.671095
655.000	1.000	18.671095
656.000	1.000	18.671095
657.000	1.000	18.671095
658.000	1.000	18.671095
659.000	1.000	18.671095
660.000	1.000	18.671095
661.000	1.000	18.671095
662.000	1.000	18.671095
663.000	1.000	18.671095
664.000	1.000	18.671095
665.000	1.000	18.671095
666.000	1.000	18.671095
667.000	1.000	18.671095
668.000	1.000	18.671095
669.000	1.000	18.671095
670.000	1.000	18.671095
671.000	1.000	18.671095
672.000	1.000	18.671095
673.000	1.000	18.671095
674.000	1.000	18.671095
675.000	1.000	18.671095
676.000	1.000	18.671095
677.000	1.000	18.671095
678.000	1.000	18.671095
679.000	1.000	18.671095
680.000	1.000	18.671095
681.000	1.000	18.671095
682.000	1.000	18.671095
683.000	1.000	18.671095
684.000	1.000	18.671095
685.000	1.000	18.671095
686.000	1.000	18.671095
687.000	1.000	18.671095
688.000	1.000	18.671095
689.000	1.000	18.671095
690.000	1.000	18.671095
691.000	1.000	18.671095
692.000	1.000	18.671095
693.000	1.000	18.671095
694.000	1.000	18.671095
695.000	1.000	18.671095
696.000	1.000	18.671095
697.000	1.000	18.671095
698.000	1.000	18.671095
699.000	1.000	18.671095
700.000	1.000	18.671095
701.000	1.000	18.671095
702.000	1.000	18.671095
703.000	1.000	18.671095
704.000	1.000	18.671095
705.000	1.000	18.671095
706.000	1.000	18.671095
707.000	1.000	18.671095
708.000	1.000	18.671095
709.000	1.000	18.671095
710.000	1.000	18.671095
711.000	1.000	18.671095
712.000	1.000	18.671095
713.000	1.000	18.671095
714.000	1.000	18.671095
715.000	1.000	18.671095
716.000	1.000	18.671095
717.000	1.000	18.671095
718.000	1.000	18.671095
719.000	1.000	18.671095
720.000	1.000	18.671095
721.000	1.000	18.671095
722.000	1.000	18.671095
723.000	1.000	18.671095
724.000	1.000	18.671095
725.000	1.000	18.671095
726.000	1.000	18.671095
727.000	1.000	18.671095
728.000	1.000	18.671095
729.000	1.000	18.671095
730.000	1.000	18.671095
731.000	1.000	18.671095
732.000	1.000	18.671095
733.000	1.000	18.671095
734.000	1.000	18.671095
735.000	1.000	18.671095
736.000	1.000	18.671095
737.000	1.000	18.671095
738.000	1.000	18.671095
739.000	1.000	18.671095
740.000	1.000	18.671095
741.000	1.000	18.671095
742.000	1.000	18.671095
743.000	1.000	18.671095
744.000	1.000	18.671095
745.000	1.000	18.671095
746.000	1.000	18.671095
747.000	1.000	18.671095
748.000	1.000	18.671095
749.000	1.000	18.671095
750.000	1.000	18.671095
751.000	1.000	18.671095
752.000	1.000	18.671095
753.000	1.000	18.671095
754.000	1.000	18.671095
755.000	1.000	18.671095
756.000	1.000	18.671095
757.000	1.000	18.671095
758.000	1.000	18.671095
759.000	1.000	18.671095
760.000	1.000	18.671095
761.000	1.000	18.671095
762.000	1.000	18.671095
763.000	1.000	18.671095
764.000	1.000	18.671095
765.000	1.000	18.671095
766.000	1.000	18.671095
767.000	1.000	18.671095
768.000	1.000	18.671095
769.000	1.000	18.671095
770.000	1.000	18.671095
771.000	1.000	18.671095
772.000	1.000	18.671095
773.000	1.000	18.671095
774.000	1.000	18.671095
775.000	1.000	18.671095
776.000	1.000	18.671095
777.000	1.000	18.671095
778.000	1.000	18.671095
779.000	1.000	18.671095
780.000	1.000	18.671095
781.000	1.000	18.671095
782.000	1.000	18.671095
783.000	1.000	18.671095
784.000	1.000	18.671095
785.000	1.000	18.671095
786.000	1.000	18.671095
787.000	1.000	18.671095
788.000	1.000	18.671095
789.000	1.000	18.671095
790.000	1.000	18.671095
791.000	1.000	18.671095
792.000	1.000	18.671095
793.000	1.000	18.671095
794.000	1.000	18.671095
795.000	1.000	18.671095
796.000	1.000	18.671095
797.000	1.000	18.671095
798.000	1.000	18.671095
799.000	1.000	18.671095
800.000	1.000	18.671095
801.000	1.000	18.671095
802.000	1.000	18.671095
803.000	1.000	18.671095
804.000	1.000	18.671095
805.000	1.000	18.671095
806.000	1.000	18.671095
807.000	1.000	18.671095
808.000	1.000	18.671095
809.000	1.000	18.671095
810.000	1.000	18.671095
811.000	1.000	18.671095
812.000	1.000	18.671095
813.000	1.000	18.671095
814.000	1.000	18.671095
815.000	1.000	18.671095
816.000	1.000	18.671095
817.000	1.000	18.671095
818.000	1.000	18.671095
819.000	1.000	18.671095
820.000	1.000	18.671095
821.000	1.000	18.671095
822.000	1.000	18.671095
823.000	1.000	18.671095
824.000	1.000	18.671095
825.000	1.000	18.671095
826.000	1.000	18.671095
827.000	1.000	18.671095
828.000	1.000	18.671095
829.000	1.000	18.671095
830.000	1.000	18.671095
831.000	1.000	18.671095
832.000	1.000	18.671095
833.000	1.000	18.671095
834.000	1.000	18.671095
835.000	1.000	18.671095
836.000	1.000	18.671095
837.000	1.000	18.671095
838.000	1.000	18.671095
839.000	1.000	18.671095
840.000	1.000	18.671095
841.000	1.000	18.671095
842.000	1.000	18.671095
843.000	1.000	18.671095
844.000	1.000	18.671095
845.000	1.000	18.671095
846.000	1.000	18.671095
847.000	1.000	18.671095
848.000	1.000	18.671095
849.000	1.000	18.671095
850.000	1.000	18.671095
851.000	1.000	18.671095
852.000	1.000	18.671095
853.000	1.000	18.671095
854.000	1.000	18.671095
855.000	1.000	18.671095
856.000	1.000	18.671095
857.000	1.000	18.671095
858.000	1.000	18.671095
859.000	1.000	18.671095
860.000	1.000	18.671095
861.000	1.000	18.671095
862.000	1.000	18.671095
863.000	1.000	18.671095
864.000	1.000	18.671095
865.000	1.000	18.671095
866.000	1.000	18.671095
867.000	1.000	18.671095
868.000	1.000	18.671095
869.000	1.000	18.671095
870.000	1.000	18.671095
871.000	1.000	18.671095
872.000	1.000	18.671095
873.000	1.000	18.671095
874.000	1.000	18.671095
875.000	1.000	18.671095
876.000	1.000	18.671095
877.000	1.000	18.671095
878.000	1.000	18.671095
879.000	1.000	18.671095
880.000	1.000	18.671095
881.000	1.000	18.671095
882.000	1.000	18.671095
883.000	1.000	18.671095
884.000	1.000	18.671095
885.000	1.000	18.671095
886.000	1.000	18.671095
887.000	1.000	18.671095
888.000	1.000	18.671095
889.000	1.000	18.671095
890.000	1.000	18.671095
891.000	1.000	18.671095
892.000	1.000	18.671095
893.000	1.000	18.671095
894.000	1.000	18.671095
895.000	1.000	18.671095
896.000	1.000	18.671095
897.000	1.000	18.671095
898.000	1.000	18.671095
899.000	1.000	18.671095
900.000	1.000	18.671095
901.000	1.000	18.671095
902.000	1.000	18.671095
903.000	1.000	18.671095
904.000	1.000	18.671095
905.000	1.000	18.671095
906.000	1.000	18.671095
907.000	1.000	18.671095
908.000	1.000	18.671095
909.000	1.000	18.671095
910.000	1.000	18.671095
911.000	1.000	18.671095
912.000	1.000	18.671095
913.000	1.000	18.671095
914.000	1.000	18.671095
915.000	1.000	18.671095
916.000	1.000	18.671095
917.000	1.000	18.671095
918.000	1.000	18.671095
919.000	1.000	18.671095
920.000	1.000	18.671095
921.000	1.000	18.671095
922.000	1.000	18.671095
923.000	1.000	18.671095
924.000	1.000	18.671095
925.000	1.000	18.671095
926.000	1.000	18.671095
927.000	1.000	18.671095
928.000	1.000	18.671095
929.000	1.000	18.671095
930.000	1.000	18.671095
931.000	1.000	18.671095
932.000	1.000	18.671095
933.000	1.000	18.671095
934.000	1.000	18.671095
935.000	1.000	18.671095
936.000	1.000	18.671095
937.000	1.000	18.671095
938.000	1.000	18.671095
939.000	1.000	18.671095
940.000	1.000	18.671095
941.000	1.000	18.671095
942.000	1.000	18.671095
943.000	1.000	18.671095
944.000	1.000	18.671095
945.000	1.000	18.671095
946.000	1.000	18.671095
947.000	1.000	18.671095
948.000	1.000	18.671095
949.000	1.000	18.671095
950.000	1.000	18.671095
951.000	1.000	18.671095
952.000	1.000	18.671095
953.000	1.000	18.671095
954.000	1.000	18.671095
955.000	1.000	18.671095
956.000	1.000	18.671095
957.000	1.000	18.671095
958.000	1.000	18.671095
959.000	1.000	18.671095
960.000	1.000	18.671095
961.000	1.000	18.671095
962.000	1.000	18.671095
963.000	1.000	18.671095
964.000	1.000	18.671095
965.000	1.000	18.671095
966.000	1.000	18.671095
967.000	1.000	18.671095
968.000	1.000	18.671095
969.000	1.000	18.671095
970.000	1.000	18.671095
971.000	1.000	18.671095
972.000	1.000	18.671095
973.000	1.000	18.671095
974.000	1.000	18.671095
975.000	1.000	18.671095
976.000	1.000	18.671095
977.000	1.000	18.671095
978.000	1.000	18.671095
979.000	1.000	18.671095
980.000	1.000	18.671095
981.000	1.000	18.671095
982.000	1.000	18.671095
983.000	1.000	18.671095
984.000	1.000	18.671095
985.000	1.000	18.671095
986.000	1.000	18.671095
987.000	1.000	18.671095
988.000	1.000	18.671095
989.000	1.000	18.671095
990.000	1.000	18.671095
991.000	1.000	18.671095
992.000	1.000	18.671095
993.000	1.000	18.671095
994.000	1.000	18.671095
995.000	1.000	18.671095
996.000	1.000	18.671095
997.000	1.000	18.671095
998.000	1.000	18.671095
999.000	1.000	18.671095
1000.000	1.000	18.671095
1001.000	1.000	18.671095
1002.000	1.000	18.671095
1003.000	1.000	18.671095
1004.000	1.000	18.671095
1005.000	1.000	18.671095
1006.000	1.000	18.671095
1007.000	1.000	18.671095
1008.000	1.000	18.671095
1009.000	1.000	18.671095
1010.000	1.000	18.671095
1011.000	1.000	18.671095
1012.000	1.000	18.671095
1013.000	1.000	18.671095
1014.000	1.000	18.671095
1015.000	1.000	18.671095
1016.000	1.000	18.671095
1017.000	1.000	18.671095
1018.000	1.000	18.671095
1019.000	1.000	18.671095
1020.000	1.000	18.671095
1021.000	1.000	18.671095
1022.000	1.000	18.671095
1023.000	1.000	18.671095
1024.000	1.000	18.671095
1025.000	1.000	18.671095
1026.000	1.000	18.671095
1027.000	1.000	18.671095
1028.000	1.000	18.671095
1029.000	1.000	18.671095
1030.000	1.000	18.671095
1031.000	1.000	18.671095
1032.000	1.000	18.671095
1033.000	1.000	18.671095
1034.000	1.000	18.671095
1035.000	1.000	18.671095
1036.000	1.000	18.671095
1037.000	1.000	18.671095
1038.000	1.000	18.671095
1039.000	1.000	18.671095
1040.000	1.000	18.671095
1041.000	1.000	18.671095
1042.000	1.000	18.671095
1043.000	1.000	18.671095
1044.000	1.000	18.671095
1045.000	1.000	18.671095
1046.000	1.000	18.671095
1047.000	1.000	18.671095
1048.000	1.000	18.671095
1049.000	1.000	18.671095
1050.000	1.000	18.671095
1051.000	1.000	18.671095
1052.000	1.000	18.671095
1053.000	1.000	18.671095
1054.000	1.000	18.671095
1055.000	1.000	18.671095
1056.000	1.000	18.671095
1057.000	1.000	18.671095
1058.000	1.000	18.671095
1059.000	1.000	18.671095
1060.000	1.000	18.671095
1061.000	1.000	18.671095
1062.000	1.000	18.671095
1063.000	1.000	18.671095
1064.000	1.000	18.671095
1065.000	1.000	18.671095
1066.000	1.000	18.671095
1067.000	1.000	18.671095
1068.000	1.000	18.671095
1069.000	1.000	18.671095
1070.000	1.000	18.671095
1071.000	1.000	18.671095
1072.000	1.000	18.671095
1073.000	1.000	18.671095
1074.000	1.000	18.671095
1075.000	1.000	18.671095
1076.000	1.000	18.671095
1077.000	1.000	18.671095
1078.000	1.000	18.671095
1079.000	1.000	18.671095
1080.000	1.000	18.671095
1081.000	1.000	18.671095
1082.000	1.000	18.671095
1083.000	1.000	18.671095
1084.000	1.000	18.671095
1085.000	1.000	18.671095
1086.000	1.000	18.671095
1087.000	1.000	18.671095
1088.000	1.000	18.671095
1089.000	1.000	18.671095
1090.000	1.000	18.671095
1091.000	1.000	18.671095
1092.000	1.000	18.671095
1093.000	1.000	18.671095
1094.000	1.000	18.671095
1095.000	1.000	18.671095
1096.000	1.000	18.671095
1097.000	1.000	18.671095
1098.000	1.000	18.671095
1099.000	1.000	18.671095
1100.000	1.000	18.671095
1101.000	1.000	18.671095
1102.000	1.000	18.671095
1103.000	1.000	18.671095
1104.000	1.000	18.671095
1105.000	1.000	18.671095
1106.000	1.000	18.671095
1107.000	1.000	18.671095
1108.000	1.000	18.671095
1109.000	1.000	18.671095
1110.000	1.000	18.671095
1111.000	1.000	18.671095
1112.000	1.000	18.671095
1113.000	1.000	18.671095
1114.000	1.000	18.671095
1115.000	1.000	18.671095
1116.000	1.000	18.671095
1117.000	1.000	18.671095
1118.000	1.000	18.671095
1119.000	1.000	18.671095
1120.000	1.000	18.671095
1121.000	1.000	18.671095
1122.000	1.000	18.671095
1123.000	1.000	18.671095
1124.000	1.000	18.671095
1125.000	1.000	18.671095
1126.000	1.000	18.671095
1127.000	1.000	18.671095
1128.000	1.000	18.671095
1129.000	1.000	18.671095
1130.000	1.000	18.671095
1131.000	1.000	18.671095
1132.000	1.000	18.671095
1133.000	1.000	18.671095
1134.000	1.000	18.671095
1135.000	1.000	18.671095
1136.000	1.000	18.671095
1137.000	1.000	18.671095
1138.000	1.000	18.671095
1139.000	1.000	18.671095
1140.000	1.000	18.671095
1141.000	1.000	18.671095
1142.000	1.000	18.671095
1143.000	1.000	18.671095
1144.000	1.000	18.671095
1145.000	1.000	18.671095
1146.000	1.000	18.671095
1147.000	1.000	18.671095
1148.000	1.000	18.671095
1149.000	1.000	18.671095
1150.000	1.000	18.671095
1151.000	1.000	18.671095
1152.000	1.000	18.671095
1153.000	1.000	18.671095
1154.000	1.000	18.671095
1155.000	1.000	18.671095
1156.000	1.000	18.671095
1157.000	1.000	18.671095
1158.000	1.000	18.671095
1159.000	1.000	18.671095
1160.000	1.000	18.671095
1161.000	1.000	18.671095
1162.000	1.000	18.671095
1163.000	1.000	18.671095
1164.000	1.000	18.671095
1165.000	1.000	18.671095
1166.000	1.000	18.671095
1167.000	1.000	18.671095
1168.000	1.000	18.671095
1169.000	1.000	18.671095
1170.000	1.000	18.671095
1171.000	1.000	18.671095
1172.000	1.000	18.671095
1173.000	1.000	18.671095
1174.000	1.000	18.671095
1175.000	1.000	18.671095
1176.000	1.000	18.671095
1177.000	1.000	18.671095
1178.000	1.000	18.671095
1179.000	1.000	18.671095
1180.000	1.000	18.671095
1181.000	1.000	18.671095
1182.000	1.000	18.671095
1183.000	1.000	18.671095
1184.000	1.000	18.671095
1185.000	1.000	18.671095
1186.000	1.000	18.671095
1187.000	1.000	18.671095
1188.000	1.000	18.671095
1189.000	1.000	18.671095
1190.000	1.000	18.671095
1191.000	1.000	18.671095
1192.000	1.000	18.671095
1193.000	1.000	18.671095
1194.000	1.000	18.671095
1195.000	1.000	18.671095
1196.000	1.000	18.671095
1197.000	1.000	18.671095
1198.000	1.000	18.671095
1199.000	1.000	18.671095
1200.000	1.000	18.671095
1201.000	1.000	18.671095
1202.000	1.000	18.671095
1203.000	1.000	18.671095
1204.000	1.000	18.671095
1205.000	1.000	18.671095
1206.000	1.000	18.671095
1207.000	1.000	18.671095
1208.000	1.000	18.671095
1209.000	1.000	18.671095
1210.000	1.000	18.671095
1211.000	1.000	18.671095
1212.000	1.000	18.671095
1213.000	1.000	18.671095
1214.000	1.000	18.671095
1215.000	1.000	18.671095
1216.000	1.000	18.671095
1217.000	1.000	18.671095
1218.000	1.000	18.671095
1219.000	1.000	18.671095
1220.000	1.000	18.671095
1221.000	1.000	18.671095
1222.000	1.000	18.671095
1223.000	1.000	18.671095
1224.000	1.000	18.671095
1225.000	1.000	18.671095
1226.000	1.000	18.671095
1227.000	1.000	18.671095
1228.000	1.000	18.671095
1229.000	1.000	18.671095
1230.000	1.000	18.671095
1231.000	1.000	18.671095
1232.000	1.000	18.671095
1233.000	1.000	18.671095
1234.000	1.000	18.671095
1235.000	1.000	18.671095
1236.000	1.000	18.671095
1237.000	1.000	18.671095
1238.000	1.000	18.671095
1239.000	1.000	18.671095
1240.000	1.000	18.671095
1241.000	1.000	18.671095
1242.000	1.000	18.671095
1243.000	1.000	18.671095
1244.000	1.000	18.671095
1245.000	1.000	18.671095
1246.000	1.000	18.671095
1247.000	1.000	18.671095
1248.000	1.000	18.671095
1249.000	1.000	18.671095
1250.000	1.000	18.671095
1251.000	1.000	18.671095
1252.000	1.000	18.671095
1253.000	1.000	18.671095
1254.000	1.000	18.671095
1255.000	1.000	18.671095
1256.000	1.000	18.671095
1257.000	1.000	18.671095
1258.000	1.000	18.671095
1259.000	1.000	18.671095
1260.000	1.000	18.671095
1261.000	1.000	18.671095
1262.000	1.000	18.671095
1263.000	1.000	18.671095
1264.000	1.000	18.671095
1265.000	1.000	18.671095
1266.000	1.000	18.671095
1267.000	1.000	18.671095
1268.000	1.000	18.671095
1269.000	1.000	18.671095
1270.000	1.000	18.671095
1271.000	1.000	18.671095
1272.000	1.000	18.671095
1273.000	1.000	18.671095
1274.000	1.000	18.671095
1275.000	1.000	18.671095
1276.000	1.000	18.671095
1277.000	1.000	18.671095
1278.000	1.000	18.671095
1279.000	1.000	18.671095
1280.000	1.000	18.671095
1281.000	1.000	18.671095
1282.000	1.000	18.671095
1283.000	1.000	18.671095
1284.000	1.000	18.671095
1285.000	1.000	18.671095
1286.000	1.000	18.671095
1287.000	1.000	18.671095
1288.000	1.000	18.671095
1289.000	1.000	18.671095
1290.000	1.000	18.671095
1291.000	1.000	18.671095
1292.000	1.000	18.671095
1293.000	1.000	18.671095
1294.000	1.000	18.671095
1295.000	1.000	18.671095
1296.000	1.000	18.671095
1297.000	1.000	18.671095
1298.000	1.000	18.671095
1299.000	1.000	18.671095
1300.000	1.000	18.671095
1301.000	1.000	18.671095
1302.000	1.000	18.671095
1303.000	1.000	18.671095
1304.000	1.000	18.671095
1305.000	1.000	18.671095
1306.000	1.000	18.671095
1307.000	1.000	18.671095
1308.000	1.000	18.671095
1309.000	1.000	18.671095
1310.000	1.000	18.671095
1311.000	1.000	18.671095
1312.000	1.000	18.671095
1313.000	1.000	18.671095
1314.000	1.000	18.671095
1315.000	1.000	18.671095
1316.000	1.000	18.671095
1317.000	1.000	18.671095
1318.000	1.000	18.671095
1319.000	1.000	18.671095
1320.000	1.000	18.671095
1321.000	1.000	18.671095
1322.000	1.000	18.671095
1323.000	1.000	18.671095
1324.000	1.000	18.671095
1325.000	1.000	18.671095
1326.000	1.000	18.671095
1327.000	1.000	18.671095
1328.000	1.000	18.671095
1329.000	1.000	18.671095
1330.000	1.000	18.671095
1331.000	1.000	18.671095
1332.000	1.000	18.671095
1333.000	1.000	18.671095
1334.000	1.000	18.671095
1335.000	1.000	18.671095
1336.000	1.000	18.671095
1337.000	1.000	18.671095
1338.000	1.000	18.671095
1339.000	1.000	18.671095
1340.000	1.000	18.671095
1341.000	1.000	18.671095
1342.000	1.000	18.671095
1343.000	1.000	18.671095
1344.000	1.000	18.671095
1345.000	1.000	18.671095
1346.000	1.000	18.671095
1347.000	1.000	18.671095
1348.000	1.000	18.671095
1349.000	1.000	18.671095
1350.000	1.000	18.671095
1351.000	1.000	18.671095
1352.000	1.000	18.671095
1353.000	1.000	18.671095
1354.000	1.000	18.671095
1355.000	1.000	18.671095
1356.000	1.000	18.671095
1357.000	1.000	18.671095
1358.000	1.000	18.671095
1359.000	1.000	18.671095
1360.000	1.000	18.671095
1361.000	1.000	18.671095
1362.000	1.000	18.671095
1363.000	1.000	18.671095
1364.000	1.000	18.671095
1365.000	1.000	18.671095
1366.000	1.000	18.671095
1367.000	1.000	18.671095
1368.000	1.000	18.671095
1369.000	1.000	18.671095
1370.000	1.000	18.671095
1371.000	1.000	18.671095
1372.000	1.000	18.671095
1373.000	1.000	18.671095
1374.000	1.000	18.671095
1375.000	1.000	18.671095
1376.000	1.000	18.671095
1377.000	1.000	18.671095
1378.000	1.000	18.671095
1379.000	1.000	18.671095
1380.000	1.000	18.671095
1381.000	1.000	18.671095
1382.000	1.000	18.671095
1383.000	1.000	18.671095
1384.000	1.000	18.671095
1385.000	1.000	18.671095
1386.000	1.000	18.671095
1387.000	1.000	18.671095
1388.000	1.000	18.671095
1389.000	1.000	18.671095
1390.000	1.000	18.671095
1391.000	1.000	18.671095
1392.000	1.000	18.671095
1393.000	1.000	18.671095
1394.000	1.000	18.671095
1395.000	1.000	18.671095
1396.000	1.000	18.671095
1397.000	1.000	18.671095
1398.000	1.000	18.671095
1399.000	1.000	18.671095
1400.000	1.000	18.671095
1401.000	1.000	18.671095
1402.000	1.000	18.671095
1403.000	1.000	18.671095
1404.000	1.000	18.671095
1405.000	1.000	18.671095
1406.000	1.000	18.671095
1407.000	1.000	18.671095
1408.000	1.000	18.671095
1409.000	1.000	18.671095
1410.000	1.000	18.671095
1411.000	1.000	18.671095
1412.000	1.000	18.671095
1413.000	1.000	18.671095
1414.000	1.000	18.671095
1415.000	1.000	18.671095
1416.000	1.000	18.671095
1417.000	1.000	18.671095
1418.000	1.000	18.671095
1419.000	1.000	18.671095
1420.000	1.000	18.671095
1421.000	1.000	18.671095
1422.000	1.000	18.671095
1423.000	1.000	18.671095
1424.000	1.000	18.671095
1425.000	1.000	18.671095
1426.000	1.000	18.671095
1427.000	1.000	18.671095
1428.000	1.000	18.671095
1429.000	1.000	18.671095
1430.000	1.000	18.671095
1431.000	1.000	18.671095
1432.000	1.000	18.671095
1433.000	1.000	18.671095
1434.000	1.000	18.671095
1435.000	1.000	18.671095
1436.000	1.000	18.671095
1437.000	1.000	18.671095
1438.000	1.000	18.671095
1439.000	1.000	18.671095
1440.000	1.000	18.671095
1441.000	1.000	18.671095
1442.000	1.000	18.671095
1443.000	1.000	18.671095
1444.000	1.000	18.671095
1445.000	1.000	18.671095
1446.000	1.000	18.671095
1447.000	1.000	18.671095
1448.000	1.000	18.671095
1449.000	1.000	18.671095
1450.000	1.000	18.671095
1451.000	1.000	18.671095
1452.000	1.000	18.671095
1453.000	1.000	18.671095
1454.000	1.000	18.671095
1455.000	1.000	18.671095
1456.000	1.000	18.671095
1457.000	1.000	18.671095
1458.000	1.000	18.671095
1459.000	1.000	18.671095
1460.000	1.000	18.671095
1461.000	1.000	18.671095
1462.000	1.000	18.671095
1463.000	1.000	18.671095
1464.000	1.000	18.671095
1465.000	1.000	18.671095
1466.000	1.000	18.671095
1467.000	1.000	18.671095
1468.000	1.000	18.671095
1469.000	1.000	18.671095
1470.000	1.000	18.671095
1471.000	1.000	18.671095
1472.000	1.000	18.671095
1473.000	1.000	18.671095
1474.000	1.000	18.671095
1475.000	1.000	18.671095
1476.000	1.000	18.671095
1477.000	1.000	18.671095
1478.000	1.000	18.671095
1479.000	1.000	18.671095
1480.000	1.000	18.671095
1481.000	1.000	18.671095
1482.000	1.000	18.671095
1483.000	1.000	18.671095
1484.000	1.000	18.671095
1485.000	1.000	18.671095
1486.000	1.000	18.671095
1487.000	1.000	18.671095
1488.000	1.000	18.671095
1489.000	1.000	18.671095
1490.000	1.000	18.671095
1491.000	1.000	18.671095
1492.000	1.000	18.671095
1493.000	1.000	18.671095
1494.000	1.000	18.671095
1495.000	1.000	18.671095
1496.000	1.000	18.671095
1497.000	1.000	18.671095
1498.000	1.000	18.671095
1499.000	1.000	18.671095
1500.000	1.000	18.671095
1501.000	1.000	18.671095
1502.000	1.000	18.671095
1503.000	1.000	18.671095
1504.000	1.000	18.671095
1505.000	1.000	18.671095
1506.000	1.000	18.671095
1507.000	1.000	18.671095
1508.000	1.000	18.671095
1509.000	1.000	18.671095
1510.000	1.000	18.671095
1511.000	1.000	18.671095
1512.000	1.000	18.671095
1513.000	1.000	18.671095
1514.000	1.000	18.671095
1515.000	1.000	18.671095
1516.000	1.000	18.671095
1517.000	1.000	18.671095
1518.000	1.000	18.671095
1519.000	1.000	18.671095
1520.000	1.000	18.671095
1521.000	1.000	18.671095
1522.000	1.000	18.671095
1523.000	1.000	18.671095
1524.000	1.000	18.671095
1525.000	1.000	18.671095
1526.000	1.000	18.671095
1527.000	1.000	18.671095
1528.000	1.000	18.671095
1529.000	1.000	18.671095
1530.000	1.000	18.671095
1531.000	1.000	18.671095
1532.000	1.000	18.671095
1533.000	1.000	18.671095
1534.000	1.000	18.671095
1535.000	1.000	18.671095
1536.000	1.000	18.671095
1537.000	1.000	18.671095
1538.000	1.000	18.671095
1539.000	1.000	18.671095
1540.000	1.000	18.671095
1541.000	1.000	18.671095
1542.000	1.000	18.671095
1543.000	1.000	18.671095
1544.000	1.000	18.671095
1545.000	1.000	18.671095
1546.000	1.000	18.671095
1547.000	1.000	18.671095
1548.000	1.000	18.671095
1549.000	1.000	18.671095
1550.000	1.000	18.671095
1551.000	1.000	18.671095
1552.000	1.000	18.671095
1553.000	1.000	18.671095
1554.000	1.000	18.671095
1555.000	1.000	18.671095
1556.000	1.000	18.671095
1557.000	1.000	18.671095
1558.000	1.000	18.671095
1559.000	1.000	18.671095
1560.000	1.000	18.671095
1561.000	1.000	18.671095
1562.000	1.000	18.671095
1563.000	1.000	18.671095
1564.000	1.000	18.671095
1565.000	1.000	18.671095
1566.000	1.000	18.671095
1567.000	1.000	18.671095
1568.000	1.000	18.671095
1569.000	1.000	18.671095
1570.000	1.000	18.671095
1571.000	1.000	18.671095
1572.000	1.000	18.671095
1573.000	1.000	18.671095
1574.000	1.000	18.671095
1575.000	1.000	18.671095
1576.000	1.000	18.671095
1577.000	1.000	18.671095
1578.000	1.000	18.671095
1579.000	1.000	18.671095
1580.000	1.000	18.671095
1581.000	1.000	18.671095
1582.000	1.000	18.671095
1583.000	1.000	18.671095
1584.000	1.000	18.671095
1585.000	1.000	18.671095
1586.000	1.000	18.671095
1587.000	1.000	18.671095
1588.000	1.000	18.671095
1589.000	1.000	18.671095
1590.000	1.000	18.671095
1591.000	1.000	18.671095
1592.000	1.000	18.671095
1593.000	1.000	18.671095
1594.000	1.000	18.671095
1595.000	1.000	18.671095
1596.000	1.000	18.671095
1597.000	1.000	18.671095
1598.000	1.000	18.671095
1599.000	1.000	18.671095
1600.000	1.000	18.671095
1601.000	1.000	18.671095
1602.000	1.000	18.671095
1603.000	1.000	18.671095
1604.000	1.000	18.671095
1605.000	1.000	18.671095
1606.000	1.000	18.671095
1607.000	1.000	18.671095
1608.000	1.000	18.671095
1609.000	1.000	18.671095
1610.000	1.000	18.671095
1611.000	1.000	18.671095
1612.000	1.000	18.671095
1613.000	1.000	18.671095
1614.000	1.000	18.671095
1615.000	1.000	18.671095
1616.000	1.000	18.671095
1617.000	1.000	18.671095
1618.000	1.000	18.671095
1619.000	1.000	18.671095
1620.000	1.000	18.671095
1621.000	1.000	18.671095
1622.000	1.000	18.671095
1623.000	1.000	18.671095
1624.000	1.000	18.671095
1625.000	1.000	18.671095
1626.000	1.000	18.671095
1627.000	1.000	18.671095
1628.000	1.000	18.671095
1629.000	1.000	18.671095
1630.000	1.000	18.671095
1631.000	1.000	18.671095
1632.000	1.000	18.671095
1633.000	1.000	18.671095
1634.000	1.000	18.671095
1635.000	1.000	18.671095
1636.000	1.000	18.671095
1637.000	1.000	18.671095
1638.000	1.000	18.671095
1639.000	1.000	18.671095
1640.000	1.000	18.671095
1641.000	1.000	18.671095
1642.000	1.000	18.671095
1643.000	1.000	18.671095
1644.000	1.000	18.671095
1645.000	1.000	18.671095
1646.000	1.000	18.671095
1647.000	1.000	18.671095
1648.000	1.000	18.671095
1649.000	1.000	18.671095
1650.000	1.000	18.671095
1651.000	1.000	18.671095
1652.000	1.000	18.671095
1653.000	1.000	18.671095
1654.000	1.000	18.671095
1655.000	1.000	18.671095
1656.000	1.000	18.671095
1657.000	1.000	18.671095
1658.000	1.000	18.671095
1659.000	1.000	18.671095
1660.000	1.000	18.671095
1661.000	1.000	18.671095
1662.000	1.000	18.671095
1663.000	1.000	18.671095
1664.000	1.000	18.671095
1665.000	1.000	18.671095
1666.000	1.000	18.671095
1667.000	1.000	18.671095
1668.000	1.000	18.671095
1669.000	1.000	18.671095
1670.000	1.000	18.671095
1671.000	1.000	18.671095
1672.000	1.000	18.671095
1673.000	1.000	18.671095
1674.000	1.000	18.671095
1675.000	1.000	18.671095
1676.000	1.000	18.671095
1677.000	1.000	18.671095
1678.000	1.000	18.671095
1679.000	1.000	18.671095
1680.000	1.000	18.671095
1681.000	1.000	18.671095
1682.000	1.000	18.671095
1683.000	1.000	18.671095
1684.000	1.000	18.671095
1685.000	1.000	18.671095
1686.000	1.000	18.671095
1687.000	1.000	18.671095
1688.000	1.000	18.671095
1689.000	1.000	18.671095
1690.000	1.000	18.671095
1691.000	1.000	18.671095
1692.000	1.000	18.671095
1693.000	1.000	18.671095
1694.000	1.000	18.671095
1695.000	1.000	18.671095
1696.000	1.000	18.671095
1697.000	1.000	18.671095
1698.000	1.000	18.671095
1699.000	1.000	18.671095
1700.000	1.000	18.671095
1701.000	1.000	18.671095
1702.000	1.000	18.671095
