TIME	INTERVALO	Nivel Tanque 2
0.000	0.000	-7.909147
0.000	1.000	-7.912118
1.000	1.000	-7.912118
2.000	1.000	-7.920115
3.000	1.000	-7.920115
4.000	1.000	-7.909147
5.000	1.000	-7.909147
6.000	1.000	-7.909147
7.000	1.000	-7.909147
8.000	1.000	-7.930400
9.000	1.000	-7.910065
10.000	1.000	-7.910065
11.000	1.000	-7.920574
12.000	1.000	-7.919432
13.000	1.000	-7.919432
14.000	1.000	-7.908000
15.000	1.000	-7.908000
16.000	1.000	-7.908000
17.000	1.000	-7.908000
18.000	1.000	-7.909147
19.000	1.000	-7.909147
20.000	1.000	-7.941833
21.000	1.000	-7.908000
22.000	1.000	-7.919432
23.000	1.000	-7.919432
24.000	1.000	-7.919432
25.000	1.000	-7.921945
26.000	1.000	-7.929488
27.000	1.000	-7.929488
28.000	1.000	-7.897720
29.000	1.000	-7.920115
30.000	1.000	-7.906864
31.000	1.000	-7.906864
32.000	1.000	-7.917832
33.000	1.000	-7.919432
34.000	1.000	-7.908000
35.000	1.000	-7.908000
36.000	1.000	-7.908000
37.000	1.000	-7.909829
38.000	1.000	-7.899096
39.000	1.000	-7.929488
40.000	1.000	-7.929488
41.000	1.000	-7.886522
42.000	1.000	-7.886522
43.000	1.000	-7.886522
44.000	1.000	-7.899096
45.000	1.000	-7.886522
46.000	1.000	-7.909147
47.000	1.000	-7.909147
48.000	1.000	-7.909147
49.000	1.000	-7.896802
50.000	1.000	-7.896802
51.000	1.000	-7.906864
52.000	1.000	-7.906864
53.000	1.000	-7.886522
54.000	1.000	-7.908000
55.000	1.000	-7.908000
56.000	1.000	-7.896802
57.000	1.000	-7.896802
58.000	1.000	-7.907094
59.000	1.000	-7.907094
60.000	1.000	-7.907094
61.000	1.000	-7.909147
62.000	1.000	-7.906864
63.000	1.000	-7.896802
64.000	1.000	-7.896802
65.000	1.000	-7.896802
66.000	1.000	-7.899779
67.000	1.000	-7.907317
68.000	1.000	-7.907317
69.000	1.000	-7.908000
70.000	1.000	-7.906864
71.000	1.000	-7.906864
72.000	1.000	-7.896802
73.000	1.000	-7.896802
74.000	1.000	-7.908000
75.000	1.000	-7.897720
76.000	1.000	-7.897720
77.000	1.000	-7.900920
78.000	1.000	-7.896802
79.000	1.000	-7.896802
80.000	1.000	-7.896802
81.000	1.000	-7.896802
82.000	1.000	-7.906864
83.000	1.000	-7.906864
84.000	1.000	-7.895666
85.000	1.000	-7.895666
86.000	1.000	-7.895666
87.000	1.000	-7.885840
88.000	1.000	-7.895666
89.000	1.000	-7.895666
90.000	1.000	-7.906864
91.000	1.000	-7.896802
92.000	1.000	-7.896802
93.000	1.000	-7.906864
94.000	1.000	-7.906864
95.000	1.000	-7.885840
96.000	1.000	-7.906864
97.000	1.000	-7.906864
98.000	1.000	-7.910518
99.000	1.000	-7.885840
100.000	1.000	-7.888352
101.000	1.000	-7.888352
102.000	1.000	-7.906864
103.000	1.000	-7.884692
104.000	1.000	-7.906864
105.000	1.000	-7.906864
106.000	1.000	-7.906864
107.000	1.000	-7.906864
108.000	1.000	-7.885840
109.000	1.000	-7.885840
110.000	1.000	-7.896802
111.000	1.000	-7.885840
112.000	1.000	-7.885840
113.000	1.000	-7.885840
114.000	1.000	-7.885840
115.000	1.000	-7.886522
116.000	1.000	-7.875095
117.000	1.000	-7.875095
118.000	1.000	-7.875095
119.000	1.000	-7.885840
120.000	1.000	-7.896802
121.000	1.000	-7.885840
122.000	1.000	-7.885840
123.000	1.000	-7.909147
124.000	1.000	-7.863445
125.000	1.000	-6.080403
126.000	1.000	-6.080403
127.000	1.000	-5.374461
128.000	1.000	-3.232167
129.000	1.000	-3.232167
130.000	1.000	-0.899500
131.000	1.000	-0.899500
132.000	1.000	2.010672
133.000	1.000	4.460345
134.000	1.000	4.460345
135.000	1.000	7.051018
136.000	1.000	9.761455
137.000	1.000	11.251963
138.000	1.000	11.251963
139.000	1.000	13.687472
140.000	1.000	15.336122
141.000	1.000	15.336122
142.000	1.000	17.240509
143.000	1.000	17.240509
144.000	1.000	18.477348
145.000	1.000	19.811535
146.000	1.000	19.811535
147.000	1.000	20.570047
148.000	1.000	21.539267
149.000	1.000	22.526991
150.000	1.000	22.526991
151.000	1.000	23.479071
152.000	1.000	24.522797
153.000	1.000	24.522797
154.000	1.000	24.930281
155.000	1.000	24.930281
156.000	1.000	25.580002
157.000	1.000	26.097181
158.000	1.000	26.554022
159.000	1.000	26.554022
160.000	1.000	27.194834
161.000	1.000	27.549978
162.000	1.000	27.642996
163.000	1.000	27.642996
164.000	1.000	27.642996
165.000	1.000	27.950603
166.000	1.000	28.324259
167.000	1.000	28.324259
168.000	1.000	28.319227
169.000	1.000	28.505949
170.000	1.000	28.849667
171.000	1.000	28.849667
172.000	1.000	28.893545
173.000	1.000	28.815838
174.000	1.000	29.075686
175.000	1.000	29.075686
176.000	1.000	29.075686
177.000	1.000	29.096481
178.000	1.000	28.988153
179.000	1.000	29.179897
180.000	1.000	29.179897
181.000	1.000	29.115681
182.000	1.000	29.226742
183.000	1.000	29.226742
184.000	1.000	29.181952
185.000	1.000	29.342842
186.000	1.000	29.459169
187.000	1.000	29.459169
188.000	1.000	29.459169
189.000	1.000	29.300106
190.000	1.000	29.353355
191.000	1.000	29.290047
192.000	1.000	29.290047
193.000	1.000	29.209148
194.000	1.000	29.277021
195.000	1.000	29.242287
196.000	1.000	29.242287
197.000	1.000	29.404772
198.000	1.000	29.364323
199.000	1.000	29.364323
200.000	1.000	29.393574
201.000	1.000	29.393574
202.000	1.000	29.226742
203.000	1.000	29.291422
204.000	1.000	29.291422
205.000	1.000	29.481792
206.000	1.000	29.623711
207.000	1.000	29.484758
208.000	1.000	29.484758
209.000	1.000	29.611143
210.000	1.000	29.522928
211.000	1.000	29.522928
212.000	1.000	29.426489
213.000	1.000	29.426489
214.000	1.000	29.451168
215.000	1.000	29.391748
216.000	1.000	29.570461
217.000	1.000	29.570461
218.000	1.000	29.567495
219.000	1.000	29.461912
220.000	1.000	29.724264
221.000	1.000	29.724264
222.000	1.000	29.724264
223.000	1.000	29.490705
224.000	1.000	29.598576
225.000	1.000	29.598576
226.000	1.000	29.684046
227.000	1.000	29.632854
228.000	1.000	29.555611
229.000	1.000	29.555611
230.000	1.000	29.663935
231.000	1.000	29.662788
232.000	1.000	29.537327
233.000	1.000	29.537327
234.000	1.000	29.537327
235.000	1.000	29.536638
236.000	1.000	29.545555
237.000	1.000	29.438137
238.000	1.000	29.438137
239.000	1.000	29.468990
240.000	1.000	29.501448
241.000	1.000	29.438597
242.000	1.000	29.438597
243.000	1.000	29.395176
244.000	1.000	29.456198
245.000	1.000	29.456198
246.000	1.000	29.456198
247.000	1.000	29.545555
248.000	1.000	29.685188
249.000	1.000	29.696157
250.000	1.000	29.696157
251.000	1.000	29.725864
252.000	1.000	29.750780
253.000	1.000	29.717186
254.000	1.000	29.717186
255.000	1.000	29.675133
256.000	1.000	29.793512
257.000	1.000	29.593546
258.000	1.000	29.593546
259.000	1.000	29.593546
260.000	1.000	29.675133
261.000	1.000	29.650227
262.000	1.000	29.650227
263.000	1.000	29.675133
264.000	1.000	29.581203
265.000	1.000	29.578232
266.000	1.000	29.578232
267.000	1.000	29.642450
268.000	1.000	29.681986
269.000	1.000	29.681986
270.000	1.000	29.373920
271.000	1.000	29.373920
272.000	1.000	29.707130
273.000	1.000	29.673761
274.000	1.000	29.676050
275.000	1.000	29.676050
276.000	1.000	29.674221
277.000	1.000	29.729294
278.000	1.000	29.910067
279.000	1.000	29.910067
280.000	1.000	29.772949
281.000	1.000	29.772949
282.000	1.000	29.749638
283.000	1.000	29.749638
284.000	1.000	29.737980
285.000	1.000	29.750780
286.000	1.000	29.879215
287.000	1.000	29.879215
288.000	1.000	29.738438
289.000	1.000	29.651590
290.000	1.000	29.676050
291.000	1.000	29.676050
292.000	1.000	29.622341
293.000	1.000	29.622341
294.000	1.000	29.729065
295.000	1.000	29.603142
296.000	1.000	29.603142
297.000	1.000	29.635366
298.000	1.000	29.717640
299.000	1.000	29.685417
300.000	1.000	29.685417
301.000	1.000	29.664618
302.000	1.000	29.480421
303.000	1.000	29.480421
304.000	1.000	29.480421
305.000	1.000	29.565889
306.000	1.000	29.409578
307.000	1.000	29.641079
308.000	1.000	29.641079
309.000	1.000	29.549438
310.000	1.000	29.310619
311.000	1.000	29.485676
312.000	1.000	29.485676
313.000	1.000	29.513556
314.000	1.000	29.587606
315.000	1.000	29.387859
316.000	1.000	29.387859
317.000	1.000	29.387859
318.000	1.000	29.608631
319.000	1.000	29.666218
320.000	1.000	29.725864
321.000	1.000	29.725864
322.000	1.000	29.652967
323.000	1.000	29.732265
324.000	1.000	29.732265
325.000	1.000	29.559494
326.000	1.000	29.784145
327.000	1.000	29.841732
328.000	1.000	29.841732
329.000	1.000	29.841732
330.000	1.000	29.858187
331.000	1.000	29.890182
332.000	1.000	29.988453
333.000	1.000	29.988453
334.000	1.000	29.996685
335.000	1.000	29.896814
336.000	1.000	30.073925
337.000	1.000	30.073925
338.000	1.000	29.891331
339.000	1.000	29.891331
340.000	1.000	29.979309
341.000	1.000	29.982515
342.000	1.000	29.982515
343.000	1.000	29.888582
344.000	1.000	29.987082
345.000	1.000	29.987082
346.000	1.000	29.849731
347.000	1.000	29.876474
348.000	1.000	29.834419
349.000	1.000	29.834419
350.000	1.000	29.826195
351.000	1.000	29.826195
352.000	1.000	29.837168
353.000	1.000	29.838991
354.000	1.000	29.838991
355.000	1.000	29.944805
356.000	1.000	29.890411
357.000	1.000	29.890411
358.000	1.000	29.880356
359.000	1.000	29.859793
360.000	1.000	29.814308
361.000	1.000	29.814308
362.000	1.000	29.987312
363.000	1.000	29.987312
364.000	1.000	29.889271
365.000	1.000	29.846304
366.000	1.000	29.846304
367.000	1.000	29.836479
368.000	1.000	29.717640
369.000	1.000	29.890182
370.000	1.000	29.890182
371.000	1.000	29.786888
372.000	1.000	29.795113
373.000	1.000	29.795113
374.000	1.000	29.795113
375.000	1.000	29.741180
376.000	1.000	29.795113
377.000	1.000	29.889271
378.000	1.000	29.889271
379.000	1.000	29.826195
380.000	1.000	29.708042
381.000	1.000	29.824141
382.000	1.000	29.824141
383.000	1.000	29.921263
384.000	1.000	29.870071
385.000	1.000	29.920805
386.000	1.000	29.920805
387.000	1.000	29.920805
388.000	1.000	29.953945
389.000	1.000	29.720840
390.000	1.000	29.984570
391.000	1.000	29.984570
392.000	1.000	29.910067
393.000	1.000	30.062046
394.000	1.000	30.062046
395.000	1.000	29.977257
396.000	1.000	30.061357
397.000	1.000	30.061357
398.000	1.000	29.997597
399.000	1.000	29.997597
400.000	1.000	30.075296
401.000	1.000	30.105236
402.000	1.000	30.082380
403.000	1.000	30.082380
404.000	1.000	30.169001
405.000	1.000	30.192535
406.000	1.000	30.149343
407.000	1.000	30.149343
408.000	1.000	30.263382
409.000	1.000	30.263382
410.000	1.000	30.243958
411.000	1.000	30.243958
412.000	1.000	30.026848
413.000	1.000	30.231619
414.000	1.000	30.127407
415.000	1.000	30.127407
416.000	1.000	30.198250
417.000	1.000	30.245098
418.000	1.000	30.313890
419.000	1.000	30.313890
420.000	1.000	30.320974
421.000	1.000	30.320974
422.000	1.000	30.192535
423.000	1.000	30.240074
424.000	1.000	30.240074
425.000	1.000	30.065247
426.000	1.000	30.265442
427.000	1.000	30.296520
428.000	1.000	30.296520
429.000	1.000	30.286234
430.000	1.000	30.211279
431.000	1.000	30.211279
432.000	1.000	30.211279
433.000	1.000	30.236185
434.000	1.000	30.168312
435.000	1.000	30.138374
436.000	1.000	30.138374
437.000	1.000	30.018850
438.000	1.000	30.017939
439.000	1.000	30.230930
440.000	1.000	30.230930
441.000	1.000	30.154375
442.000	1.000	30.074385
443.000	1.000	30.181110
444.000	1.000	30.181110
445.000	1.000	30.181110
446.000	1.000	30.032331
447.000	1.000	30.138374
448.000	1.000	30.138374
449.000	1.000	29.923323
450.000	1.000	30.192995
451.000	1.000	30.010849
452.000	1.000	30.010849
453.000	1.000	30.053816
454.000	1.000	29.975657
455.000	1.000	30.032331
456.000	1.000	30.032331
457.000	1.000	30.032331
458.000	1.000	29.978168
459.000	1.000	30.107979
460.000	1.000	30.017481
461.000	1.000	30.017481
462.000	1.000	29.944805
463.000	1.000	30.020222
464.000	1.000	30.020222
465.000	1.000	29.891331
466.000	1.000	30.062958
467.000	1.000	30.062958
468.000	1.000	29.902754
469.000	1.000	29.902754
470.000	1.000	29.978168
471.000	1.000	29.956692
472.000	1.000	29.990513
473.000	1.000	29.990513
474.000	1.000	29.909607
475.000	1.000	30.006283
476.000	1.000	30.115063
477.000	1.000	30.115063
478.000	1.000	30.095636
479.000	1.000	30.095636
480.000	1.000	29.933607
481.000	1.000	29.933607
482.000	1.000	30.118952
483.000	1.000	30.157576
484.000	1.000	30.073925
485.000	1.000	30.073925
486.000	1.000	29.970402
487.000	1.000	30.045588
488.000	1.000	30.215622
489.000	1.000	30.215622
490.000	1.000	30.201683
491.000	1.000	30.201683
492.000	1.000	30.253326
493.000	1.000	30.105696
494.000	1.000	30.105696
495.000	1.000	30.147972
496.000	1.000	30.268866
497.000	1.000	30.267725
498.000	1.000	30.267725
499.000	1.000	30.288748
500.000	1.000	30.177910
501.000	1.000	30.177910
502.000	1.000	30.177910
503.000	1.000	30.311602
504.000	1.000	30.243958
505.000	1.000	30.352057
506.000	1.000	30.352057
507.000	1.000	30.202135
508.000	1.000	30.181110
509.000	1.000	30.264982
510.000	1.000	30.264982
511.000	1.000	30.407589
512.000	1.000	30.276638
513.000	1.000	30.298805
514.000	1.000	30.298805
515.000	1.000	30.298805
516.000	1.000	30.436615
517.000	1.000	30.395937
518.000	1.000	30.295378
519.000	1.000	30.295378
520.000	1.000	30.254927
521.000	1.000	30.333313
522.000	1.000	30.333313
523.000	1.000	30.352968
524.000	1.000	30.246469
525.000	1.000	30.452385
526.000	1.000	30.452385
527.000	1.000	30.452385
528.000	1.000	30.318457
529.000	1.000	30.363024
530.000	1.000	30.352968
531.000	1.000	30.352968
532.000	1.000	30.287834
533.000	1.000	30.340857
534.000	1.000	30.149343
535.000	1.000	30.149343
536.000	1.000	30.157576
537.000	1.000	30.157576
538.000	1.000	30.192995
539.000	1.000	30.192995
540.000	1.000	30.083298
541.000	1.000	30.188877
542.000	1.000	30.181110
543.000	1.000	30.181110
544.000	1.000	30.158945
545.000	1.000	30.179279
546.000	1.000	30.191847
547.000	1.000	30.191847
548.000	1.000	30.205790
549.000	1.000	30.205790
550.000	1.000	30.160770
551.000	1.000	30.181110
552.000	1.000	30.181110
553.000	1.000	30.045588
554.000	1.000	30.125118
555.000	1.000	30.086494
556.000	1.000	30.086494
557.000	1.000	29.859104
558.000	1.000	29.934519
559.000	1.000	29.934519
560.000	1.000	30.075296
561.000	1.000	30.075296
562.000	1.000	29.967430
563.000	1.000	30.134943
564.000	1.000	30.134943
565.000	1.000	30.005365
566.000	1.000	29.965830
567.000	1.000	29.987312
568.000	1.000	29.987312
569.000	1.000	29.975203
570.000	1.000	30.022964
571.000	1.000	30.022964
572.000	1.000	30.022964
573.000	1.000	30.022276
574.000	1.000	30.080097
575.000	1.000	30.020222
576.000	1.000	30.020222
577.000	1.000	30.051762
578.000	1.000	30.106836
579.000	1.000	30.116892
580.000	1.000	30.116892
581.000	1.000	30.009249
582.000	1.000	30.182022
583.000	1.000	30.098612
584.000	1.000	30.098612
585.000	1.000	30.098612
586.000	1.000	30.254927
587.000	1.000	30.223387
588.000	1.000	30.097467
589.000	1.000	30.097467
590.000	1.000	30.224764
591.000	1.000	30.320286
592.000	1.000	30.320286
593.000	1.000	30.224764
594.000	1.000	30.287834
595.000	1.000	30.196878
596.000	1.000	30.196878
597.000	1.000	30.196878
598.000	1.000	30.386564
599.000	1.000	30.319374
600.000	1.000	30.280069
601.000	1.000	30.280069
602.000	1.000	30.343828
603.000	1.000	30.384735
604.000	1.000	30.254475
605.000	1.000	30.254475
606.000	1.000	30.385653
607.000	1.000	30.385653
608.000	1.000	30.319374
609.000	1.000	30.319374
610.000	1.000	30.235043
611.000	1.000	30.376968
612.000	1.000	30.238926
613.000	1.000	30.238926
614.000	1.000	30.433413
615.000	1.000	30.426329
616.000	1.000	30.353886
617.000	1.000	30.353886
618.000	1.000	30.419016
619.000	1.000	30.419016
620.000	1.000	30.436615
621.000	1.000	30.285553
622.000	1.000	30.285553
623.000	1.000	30.181110
624.000	1.000	30.302235
625.000	1.000	30.302235
626.000	1.000	30.330572
627.000	1.000	30.269094
628.000	1.000	30.193907
629.000	1.000	30.193907
630.000	1.000	30.323946
631.000	1.000	30.323946
632.000	1.000	30.334913
633.000	1.000	30.213791
634.000	1.000	30.213791
635.000	1.000	30.108891
636.000	1.000	30.230930
637.000	1.000	30.225218
638.000	1.000	30.225218
639.000	1.000	30.147287
640.000	1.000	30.072325
641.000	1.000	30.291265
642.000	1.000	30.291265
643.000	1.000	30.291265
644.000	1.000	30.097467
645.000	1.000	30.268866
646.000	1.000	30.219503
647.000	1.000	30.219503
648.000	1.000	29.998741
649.000	1.000	30.044445
650.000	1.000	30.044445
651.000	1.000	30.000111
652.000	1.000	30.020222
653.000	1.000	30.118492
654.000	1.000	30.118492
655.000	1.000	30.118492
656.000	1.000	30.140427
657.000	1.000	30.061129
658.000	1.000	30.050844
659.000	1.000	30.050844
660.000	1.000	30.012226
661.000	1.000	30.206478
662.000	1.000	30.078728
663.000	1.000	30.078728
664.000	1.000	29.884928
665.000	1.000	30.212191
666.000	1.000	30.212191
667.000	1.000	30.212191
668.000	1.000	29.988453
669.000	1.000	30.030731
670.000	1.000	30.010626
671.000	1.000	30.010626
672.000	1.000	30.009249
673.000	1.000	30.149343
674.000	1.000	29.996685
675.000	1.000	29.996685
676.000	1.000	30.085812
677.000	1.000	30.085812
678.000	1.000	30.171743
679.000	1.000	30.108437
680.000	1.000	30.108437
681.000	1.000	30.066841
682.000	1.000	30.056557
683.000	1.000	30.003771
684.000	1.000	30.003771
685.000	1.000	30.128088
686.000	1.000	30.098381
687.000	1.000	30.098381
688.000	1.000	30.298805
689.000	1.000	30.298805
690.000	1.000	30.171513
691.000	1.000	30.118032
692.000	1.000	30.118032
693.000	1.000	30.215622
694.000	1.000	30.258587
695.000	1.000	30.246469
696.000	1.000	30.246469
697.000	1.000	30.223387
698.000	1.000	30.245098
699.000	1.000	30.312750
700.000	1.000	30.312750
701.000	1.000	30.312750
702.000	1.000	30.179279
703.000	1.000	30.236185
704.000	1.000	30.375362
705.000	1.000	30.375362
706.000	1.000	30.171743
707.000	1.000	30.341539
708.000	1.000	30.341539
709.000	1.000	30.173796
710.000	1.000	30.236185
711.000	1.000	30.153456
712.000	1.000	30.153456
713.000	1.000	30.153456
714.000	1.000	30.288748
715.000	1.000	30.093807
716.000	1.000	30.330572
717.000	1.000	30.330572
718.000	1.000	30.111637
719.000	1.000	30.312290
720.000	1.000	30.323029
721.000	1.000	30.323029
722.000	1.000	30.225906
723.000	1.000	30.260410
724.000	1.000	30.260410
725.000	1.000	30.260410
726.000	1.000	30.205790
727.000	1.000	30.055416
728.000	1.000	30.075296
729.000	1.000	30.075296
730.000	1.000	30.043304
731.000	1.000	30.045357
732.000	1.000	30.065247
733.000	1.000	30.065247
734.000	1.000	29.949150
735.000	1.000	30.129459
736.000	1.000	30.129459
737.000	1.000	30.087412
738.000	1.000	30.087412
739.000	1.000	29.965147
740.000	1.000	30.021593
741.000	1.000	30.011309
742.000	1.000	30.011309
743.000	1.000	30.087412
744.000	1.000	29.992336
745.000	1.000	29.992336
746.000	1.000	30.107525
747.000	1.000	30.107525
748.000	1.000	29.992571
749.000	1.000	29.978168
750.000	1.000	29.978168
751.000	1.000	29.947775
752.000	1.000	29.968801
753.000	1.000	29.965147
754.000	1.000	29.965147
755.000	1.000	30.096325
756.000	1.000	29.924465
757.000	1.000	29.880587
758.000	1.000	29.880587
759.000	1.000	29.880587
760.000	1.000	29.861618
761.000	1.000	30.000111
762.000	1.000	30.000111
763.000	1.000	29.870531
764.000	1.000	29.926523
765.000	1.000	29.945263
766.000	1.000	29.945263
767.000	1.000	29.950062
768.000	1.000	30.033020
769.000	1.000	30.150261
770.000	1.000	30.150261
771.000	1.000	30.150261
772.000	1.000	30.118032
773.000	1.000	30.053133
774.000	1.000	29.988453
775.000	1.000	29.988453
776.000	1.000	29.960575
777.000	1.000	30.175396
778.000	1.000	30.175396
779.000	1.000	30.088095
780.000	1.000	30.089924
781.000	1.000	30.171743
782.000	1.000	30.171743
783.000	1.000	30.171743
784.000	1.000	30.116892
785.000	1.000	30.249899
786.000	1.000	30.214703
787.000	1.000	30.214703
788.000	1.000	30.079416
789.000	1.000	30.115980
790.000	1.000	30.367365
791.000	1.000	30.367365
792.000	1.000	30.205107
793.000	1.000	30.229559
794.000	1.000	30.229559
795.000	1.000	30.249899
796.000	1.000	30.249899
797.000	1.000	30.258127
798.000	1.000	30.333313
799.000	1.000	30.333313
800.000	1.000	30.246698
801.000	1.000	30.182940
802.000	1.000	30.141115
803.000	1.000	30.141115
804.000	1.000	30.238926
805.000	1.000	30.238926
806.000	1.000	30.334002
807.000	1.000	30.195049
808.000	1.000	30.195049
809.000	1.000	30.270466
810.000	1.000	30.248070
811.000	1.000	30.214703
812.000	1.000	30.214703
813.000	1.000	30.280069
814.000	1.000	30.334913
815.000	1.000	30.247387
816.000	1.000	30.247387
817.000	1.000	30.247387
818.000	1.000	30.310238
819.000	1.000	30.110497
820.000	1.000	30.110497
821.000	1.000	30.225906
822.000	1.000	30.139975
823.000	1.000	30.236414
824.000	1.000	30.236414
825.000	1.000	30.111408
826.000	1.000	30.089924
827.000	1.000	30.121693
828.000	1.000	30.121693
829.000	1.000	30.121693
830.000	1.000	29.999430
831.000	1.000	30.055416
832.000	1.000	30.205107
833.000	1.000	30.205107
834.000	1.000	30.097467
835.000	1.000	30.113920
836.000	1.000	30.113920
837.000	1.000	30.089924
838.000	1.000	30.043304
839.000	1.000	30.076445
840.000	1.000	30.076445
841.000	1.000	30.076445
842.000	1.000	29.966747
843.000	1.000	30.217222
844.000	1.000	30.085352
845.000	1.000	30.085352
846.000	1.000	30.188194
847.000	1.000	30.067301
848.000	1.000	29.983658
849.000	1.000	29.983658
850.000	1.000	30.111408
851.000	1.000	30.005825
852.000	1.000	30.005825
853.000	1.000	29.942745
854.000	1.000	29.942745
855.000	1.000	29.863218
856.000	1.000	29.980915
857.000	1.000	29.973373
858.000	1.000	29.973373
859.000	1.000	29.876244
860.000	1.000	29.935890
861.000	1.000	29.935890
862.000	1.000	29.874414
863.000	1.000	30.044216
864.000	1.000	30.044216
865.000	1.000	30.099524
866.000	1.000	30.099524
867.000	1.000	29.981598
868.000	1.000	29.949150
869.000	1.000	29.989594
870.000	1.000	29.989594
871.000	1.000	30.129459
872.000	1.000	30.174026
873.000	1.000	30.174026
874.000	1.000	30.193907
875.000	1.000	30.193907
876.000	1.000	30.044216
877.000	1.000	30.192995
878.000	1.000	30.192995
879.000	1.000	30.089470
880.000	1.000	30.239386
881.000	1.000	30.246469
882.000	1.000	30.246469
883.000	1.000	30.161688
884.000	1.000	30.014509
885.000	1.000	30.266125
886.000	1.000	30.266125
887.000	1.000	30.266125
888.000	1.000	30.280981
889.000	1.000	30.345198
890.000	1.000	30.345198
891.000	1.000	30.242357
892.000	1.000	30.378792
893.000	1.000	30.343597
894.000	1.000	30.343597
895.000	1.000	30.367596
896.000	1.000	30.237562
897.000	1.000	30.258587
898.000	1.000	30.258587
899.000	1.000	30.258587
900.000	1.000	30.366453
901.000	1.000	30.305895
902.000	1.000	30.260410
903.000	1.000	30.260410
904.000	1.000	30.272297
905.000	1.000	30.326689
906.000	1.000	30.354797
907.000	1.000	30.354797
908.000	1.000	30.250814
909.000	1.000	30.216763
910.000	1.000	30.216763
911.000	1.000	30.216763
912.000	1.000	30.336056
913.000	1.000	30.193907
914.000	1.000	30.260410
915.000	1.000	30.260410
916.000	1.000	30.208307
917.000	1.000	30.260870
918.000	1.000	30.270008
919.000	1.000	30.270008
920.000	1.000	30.272526
921.000	1.000	30.154375
922.000	1.000	30.154375
923.000	1.000	30.163742
924.000	1.000	30.163742
925.000	1.000	30.133348
926.000	1.000	30.198479
927.000	1.000	30.268866
928.000	1.000	30.268866
929.000	1.000	30.249899
930.000	1.000	29.961258
931.000	1.000	29.961258
932.000	1.000	30.165342
933.000	1.000	30.077356
934.000	1.000	30.077356
935.000	1.000	30.012909
936.000	1.000	30.012909
937.000	1.000	30.163742
938.000	1.000	29.892471
939.000	1.000	29.981827
940.000	1.000	29.981827
941.000	1.000	30.080328
942.000	1.000	30.044216
943.000	1.000	29.910984
944.000	1.000	29.910984
945.000	1.000	29.910984
946.000	1.000	30.025476
947.000	1.000	29.940462
948.000	1.000	30.006508
949.000	1.000	30.006508
950.000	1.000	29.959658
951.000	1.000	29.967430
952.000	1.000	29.967430
953.000	1.000	29.938862
954.000	1.000	29.993713
955.000	1.000	30.146828
956.000	1.000	30.146828
957.000	1.000	30.146828
958.000	1.000	30.003771
959.000	1.000	30.036673
960.000	1.000	29.799917
961.000	1.000	29.799917
962.000	1.000	30.046276
963.000	1.000	30.123293
964.000	1.000	29.940002
965.000	1.000	29.940002
966.000	1.000	30.014280
967.000	1.000	30.030966
968.000	1.000	29.990971
969.000	1.000	29.990971
970.000	1.000	29.990971
971.000	1.000	30.156199
972.000	1.000	30.110497
973.000	1.000	30.110497
974.000	1.000	30.163742
975.000	1.000	30.275267
976.000	1.000	30.131748
977.000	1.000	30.131748
978.000	1.000	30.248070
979.000	1.000	30.112320
980.000	1.000	30.112320
981.000	1.000	30.131060
982.000	1.000	30.131060
983.000	1.000	30.187511
984.000	1.000	30.070501
985.000	1.000	30.070501
986.000	1.000	30.181110
987.000	1.000	30.237562
988.000	1.000	30.047646
989.000	1.000	30.047646
990.000	1.000	30.144316
991.000	1.000	30.326689
992.000	1.000	30.326689
993.000	1.000	30.035761
994.000	1.000	30.035761
995.000	1.000	30.292177
996.000	1.000	30.217222
997.000	1.000	30.197794
998.000	1.000	30.197794
999.000	1.000	30.241674
1000.000	1.000	30.206247
1001.000	1.000	30.225906
1002.000	1.000	30.225906
1003.000	1.000	30.292177
1004.000	1.000	30.292177
1005.000	1.000	30.173344
1006.000	1.000	30.173344
1007.000	1.000	30.303148
1008.000	1.000	30.327372
1009.000	1.000	30.260410
1010.000	1.000	30.260410
1011.000	1.000	30.175396
1012.000	1.000	30.271614
1013.000	1.000	30.156199
1014.000	1.000	30.156199
1015.000	1.000	30.156199
1016.000	1.000	30.069584
1017.000	1.000	30.165342
1018.000	1.000	30.262011
1019.000	1.000	30.262011
1020.000	1.000	30.276409
1021.000	1.000	30.209219
1022.000	1.000	30.209219
1023.000	1.000	30.099293
1024.000	1.000	30.121693
1025.000	1.000	30.092436
1026.000	1.000	30.092436
1027.000	1.000	30.092436
1028.000	1.000	30.199163
1029.000	1.000	30.155516
1030.000	1.000	30.156199
1031.000	1.000	30.156199
1032.000	1.000	30.001713
1033.000	1.000	30.123293
1034.000	1.000	29.927666
1035.000	1.000	29.927666
1036.000	1.000	30.101353
1037.000	1.000	30.040104
1038.000	1.000	30.040104
1039.000	1.000	30.040104
1040.000	1.000	30.020451
1041.000	1.000	30.014969
1042.000	1.000	29.940002
1043.000	1.000	29.940002
1044.000	1.000	29.900471
1045.000	1.000	29.910526
1046.000	1.000	30.005825
1047.000	1.000	30.005825
1048.000	1.000	29.907095
1049.000	1.000	29.940462
1050.000	1.000	29.940462
1051.000	1.000	29.964001
1052.000	1.000	29.964001
1053.000	1.000	29.964001
1054.000	1.000	29.824594
1055.000	1.000	29.889500
1056.000	1.000	29.889500
1057.000	1.000	30.036449
1058.000	1.000	29.798540
1059.000	1.000	29.798540
1060.000	1.000	29.941145
1061.000	1.000	29.887899
1062.000	1.000	29.887899
1063.000	1.000	29.883787
1064.000	1.000	29.883787
1065.000	1.000	29.917156
1066.000	1.000	29.876244
1067.000	1.000	29.897959
1068.000	1.000	29.897959
1069.000	1.000	29.854992
1070.000	1.000	29.952122
1071.000	1.000	30.005825
1072.000	1.000	30.005825
1073.000	1.000	29.865047
1074.000	1.000	29.865047
1075.000	1.000	29.951662
1076.000	1.000	29.981598
1077.000	1.000	29.981598
1078.000	1.000	30.063871
1079.000	1.000	30.025476
1080.000	1.000	30.025476
1081.000	1.000	30.014969
1082.000	1.000	30.119864
1083.000	1.000	30.062271
1084.000	1.000	30.062271
1085.000	1.000	30.062271
1086.000	1.000	30.122375
1087.000	1.000	30.027306
1088.000	1.000	29.984110
1089.000	1.000	29.984110
1090.000	1.000	30.067301
1091.000	1.000	30.102501
1092.000	1.000	30.102501
1093.000	1.000	30.134031
1094.000	1.000	30.124435
1095.000	1.000	30.081697
1096.000	1.000	30.081697
1097.000	1.000	30.081697
1098.000	1.000	30.014969
1099.000	1.000	30.216534
1100.000	1.000	30.049021
1101.000	1.000	30.049021
1102.000	1.000	30.082380
1103.000	1.000	30.177456
1104.000	1.000	30.070501
1105.000	1.000	30.070501
1106.000	1.000	30.200994
1107.000	1.000	30.219503
1108.000	1.000	30.219503
1109.000	1.000	30.219503
1110.000	1.000	29.973602
1111.000	1.000	30.221334
1112.000	1.000	30.121464
1113.000	1.000	30.121464
1114.000	1.000	30.133348
1115.000	1.000	30.071184
1116.000	1.000	30.037590
1117.000	1.000	30.037590
1118.000	1.000	30.134031
1119.000	1.000	30.036449
1120.000	1.000	30.036449
1121.000	1.000	29.973143
1122.000	1.000	29.973143
1123.000	1.000	29.948919
1124.000	1.000	30.072102
1125.000	1.000	30.049021
1126.000	1.000	30.049021
1127.000	1.000	29.867107
1128.000	1.000	29.844021
1129.000	1.000	29.844021
1130.000	1.000	29.788029
1131.000	1.000	29.910526
1132.000	1.000	29.910526
1133.000	1.000	29.897270
1134.000	1.000	29.897270
1135.000	1.000	29.950979
1136.000	1.000	29.950979
1137.000	1.000	29.892012
1138.000	1.000	29.892012
1139.000	1.000	29.874186
1140.000	1.000	29.705759
1141.000	1.000	29.748949
1142.000	1.000	29.748949
1143.000	1.000	29.740269
1144.000	1.000	29.740269
1145.000	1.000	29.770432
1146.000	1.000	29.780716
1147.000	1.000	29.780716
1148.000	1.000	29.810425
1149.000	1.000	29.624170
1150.000	1.000	29.624170
1151.000	1.000	29.845163
1152.000	1.000	29.694786
1153.000	1.000	29.629425
1154.000	1.000	29.629425
1155.000	1.000	29.629425
1156.000	1.000	29.553097
1157.000	1.000	29.867331
1158.000	1.000	29.748491
1159.000	1.000	29.748491
1160.000	1.000	29.712156
1161.000	1.000	29.649538
1162.000	1.000	29.698446
1163.000	1.000	29.698446
1164.000	1.000	29.809513
1165.000	1.000	29.853392
1166.000	1.000	29.675814
1167.000	1.000	29.675814
1168.000	1.000	29.675814
1169.000	1.000	29.897270
1170.000	1.000	29.675133
1171.000	1.000	29.675133
1172.000	1.000	29.706673
1173.000	1.000	29.730436
1174.000	1.000	29.856133
1175.000	1.000	29.856133
1176.000	1.000	29.832819
1177.000	1.000	29.981827
1178.000	1.000	29.846535
1179.000	1.000	29.846535
1180.000	1.000	29.846535
1181.000	1.000	29.938862
1182.000	1.000	29.944345
1183.000	1.000	29.973143
1184.000	1.000	29.973143
1185.000	1.000	29.876244
1186.000	1.000	29.996685
1187.000	1.000	29.996685
1188.000	1.000	29.908466
1189.000	1.000	29.774773
1190.000	1.000	29.774773
1191.000	1.000	29.976114
1192.000	1.000	29.976114
1193.000	1.000	30.062271
1194.000	1.000	29.955545
1195.000	1.000	30.114380
1196.000	1.000	30.114380
1197.000	1.000	30.077356
1198.000	1.000	29.983658
1199.000	1.000	30.095184
1200.000	1.000	30.095184
1201.000	1.000	30.051533
1202.000	1.000	30.051533
1203.000	1.000	29.897270
1204.000	1.000	29.897270
1205.000	1.000	29.907326
1206.000	1.000	30.059299
1207.000	1.000	30.047646
1208.000	1.000	30.047646
1209.000	1.000	29.960575
1210.000	1.000	30.083523
1211.000	1.000	29.950979
1212.000	1.000	29.950979
1213.000	1.000	29.923094
1214.000	1.000	29.923094
1215.000	1.000	29.961946
1216.000	1.000	29.919662
1217.000	1.000	29.919662
1218.000	1.000	29.878304
1219.000	1.000	29.911667
1220.000	1.000	29.911667
1221.000	1.000	29.876244
1222.000	1.000	29.836479
1223.000	1.000	29.879904
1224.000	1.000	29.879904
1225.000	1.000	29.879904
1226.000	1.000	29.879669
1227.000	1.000	29.642450
1228.000	1.000	29.848131
1229.000	1.000	29.848131
1230.000	1.000	29.737291
1231.000	1.000	29.662788
1232.000	1.000	29.713526
1233.000	1.000	29.713526
1234.000	1.000	29.713526
1235.000	1.000	29.766088
1236.000	1.000	29.766088
1237.000	1.000	29.766088
1238.000	1.000	29.694786
1239.000	1.000	29.796032
1240.000	1.000	29.661877
1241.000	1.000	29.661877
1242.000	1.000	29.739349
1243.000	1.000	29.563383
1244.000	1.000	29.740269
1245.000	1.000	29.740269
1246.000	1.000	29.675814
1247.000	1.000	29.644510
1248.000	1.000	29.834419
1249.000	1.000	29.834419
1250.000	1.000	29.834419
1251.000	1.000	29.772949
1252.000	1.000	29.811344
1253.000	1.000	29.655022
1254.000	1.000	29.655022
1255.000	1.000	29.966059
1256.000	1.000	29.899559
1257.000	1.000	29.899559
1258.000	1.000	29.933607
1259.000	1.000	29.949150
1260.000	1.000	29.949150
1261.000	1.000	29.832819
1262.000	1.000	29.832819
1263.000	1.000	30.002394
1264.000	1.000	29.888582
1265.000	1.000	29.889954
1266.000	1.000	29.889954
1267.000	1.000	29.900242
1268.000	1.000	30.020451
1269.000	1.000	30.046276
1270.000	1.000	30.046276
1271.000	1.000	29.960575
1272.000	1.000	29.960575
1273.000	1.000	29.975203
1274.000	1.000	29.975203
1275.000	1.000	30.179739
1276.000	1.000	29.994854
1277.000	1.000	30.162148
1278.000	1.000	30.162148
1279.000	1.000	30.019533
1280.000	1.000	30.165800
1281.000	1.000	30.255386
1282.000	1.000	30.255386
1283.000	1.000	30.221558
1284.000	1.000	30.221558
1285.000	1.000	30.144999
1286.000	1.000	30.071184
1287.000	1.000	30.071184
1288.000	1.000	30.181110
1289.000	1.000	29.933607
1290.000	1.000	30.124435
1291.000	1.000	30.124435
1292.000	1.000	30.113920
1293.000	1.000	30.039421
1294.000	1.000	30.039421
1295.000	1.000	30.039421
1296.000	1.000	30.026617
1297.000	1.000	30.083523
1298.000	1.000	30.051533
1299.000	1.000	30.051533
1300.000	1.000	30.093353
1301.000	1.000	29.952122
1302.000	1.000	29.973373
1303.000	1.000	29.973373
1304.000	1.000	30.149117
1305.000	1.000	30.007425
1306.000	1.000	29.930407
1307.000	1.000	29.930407
1308.000	1.000	29.930407
1309.000	1.000	30.052673
1310.000	1.000	29.887899
1311.000	1.000	29.812256
1312.000	1.000	29.812256
1313.000	1.000	29.868931
1314.000	1.000	29.942745
1315.000	1.000	29.942745
1316.000	1.000	29.952345
1317.000	1.000	29.954403
1318.000	1.000	29.871672
1319.000	1.000	29.871672
1320.000	1.000	29.871672
1321.000	1.000	29.848368
1322.000	1.000	29.931095
1323.000	1.000	29.996685
1324.000	1.000	29.996685
1325.000	1.000	30.041021
1326.000	1.000	29.910984
1327.000	1.000	29.779804
1328.000	1.000	29.779804
1329.000	1.000	29.708042
1330.000	1.000	29.708042
1331.000	1.000	29.794201
1332.000	1.000	29.740269
1333.000	1.000	29.740269
1334.000	1.000	29.837620
1335.000	1.000	29.870531
1336.000	1.000	29.870531
1337.000	1.000	29.782087
1338.000	1.000	29.761747
1339.000	1.000	29.837620
1340.000	1.000	29.837620
1341.000	1.000	29.618458
1342.000	1.000	29.618458
1343.000	1.000	29.716497
1344.000	1.000	29.836708
1345.000	1.000	29.836708
1346.000	1.000	29.783228
1347.000	1.000	29.783228
1348.000	1.000	29.837620
1349.000	1.000	29.837620
1350.000	1.000	29.844481
1351.000	1.000	29.806541
1352.000	1.000	29.867107
1353.000	1.000	29.867107
1354.000	1.000	29.867107
1355.000	1.000	29.878304
1356.000	1.000	29.999882
1357.000	1.000	29.999882
1358.000	1.000	29.977026
1359.000	1.000	29.837168
1360.000	1.000	29.909384
1361.000	1.000	29.909384
1362.000	1.000	29.913498
1363.000	1.000	29.846079
1364.000	1.000	29.930635
1365.000	1.000	29.930635
1366.000	1.000	29.930635
1367.000	1.000	29.840363
1368.000	1.000	30.049244
1369.000	1.000	29.988224
1370.000	1.000	29.988224
1371.000	1.000	29.924011
1372.000	1.000	30.103865
1373.000	1.000	29.876703
1374.000	1.000	29.876703
1375.000	1.000	29.941603
1376.000	1.000	30.029825
1377.000	1.000	30.029825
1378.000	1.000	30.029825
1379.000	1.000	30.094265
1380.000	1.000	30.062046
1381.000	1.000	29.953722
1382.000	1.000	29.953722
1383.000	1.000	30.138832
1384.000	1.000	30.092436
1385.000	1.000	30.054274
1386.000	1.000	30.054274
1387.000	1.000	30.080780
1388.000	1.000	30.137461
1389.000	1.000	30.137461
1390.000	1.000	30.148203
1391.000	1.000	30.148203
1392.000	1.000	30.171513
1393.000	1.000	30.171513
1394.000	1.000	30.171513
1395.000	1.000	30.026394
1396.000	1.000	30.028906
1397.000	1.000	30.054274
1398.000	1.000	30.054274
1399.000	1.000	30.075985
1400.000	1.000	30.075985
1401.000	1.000	29.956692
1402.000	1.000	30.062046
1403.000	1.000	30.062046
1404.000	1.000	30.021822
1405.000	1.000	29.993713
1406.000	1.000	29.965370
1407.000	1.000	29.965370
1408.000	1.000	30.028217
1409.000	1.000	29.998285
1410.000	1.000	29.998285
1411.000	1.000	30.019533
1412.000	1.000	30.019533
1413.000	1.000	29.974974
1414.000	1.000	30.041473
1415.000	1.000	30.041473
1416.000	1.000	29.973602
1417.000	1.000	29.976114
1418.000	1.000	29.760605
1419.000	1.000	29.760605
1420.000	1.000	29.793512
1421.000	1.000	29.706673
1422.000	1.000	29.856363
1423.000	1.000	29.856363
1424.000	1.000	29.856363
1425.000	1.000	29.917839
1426.000	1.000	29.787800
1427.000	1.000	29.793512
1428.000	1.000	29.793512
1429.000	1.000	29.806995
1430.000	1.000	29.869160
1431.000	1.000	29.869160
1432.000	1.000	29.999199
1433.000	1.000	29.753292
1434.000	1.000	29.910984
1435.000	1.000	29.910984
1436.000	1.000	29.910984
1437.000	1.000	29.686558
1438.000	1.000	29.772949
1439.000	1.000	29.957375
1440.000	1.000	29.957375
1441.000	1.000	29.827564
1442.000	1.000	29.828476
1443.000	1.000	29.806541
1444.000	1.000	29.806541
1445.000	1.000	29.778885
1446.000	1.000	29.934290
1447.000	1.000	29.934290
1448.000	1.000	29.916239
1449.000	1.000	29.916239
1450.000	1.000	29.859335
1451.000	1.000	29.988453
1452.000	1.000	29.988453
1453.000	1.000	29.999653
1454.000	1.000	30.041021
1455.000	1.000	30.168772
1456.000	1.000	30.168772
1457.000	1.000	30.018621
1458.000	1.000	29.998285
1459.000	1.000	29.998285
1460.000	1.000	29.989141
1461.000	1.000	29.989141
1462.000	1.000	29.937490
1463.000	1.000	30.039421
1464.000	1.000	30.018621
1465.000	1.000	30.018621
1466.000	1.000	30.128088
1467.000	1.000	30.182251
1468.000	1.000	30.179279
1469.000	1.000	30.179279
1470.000	1.000	30.179279
1471.000	1.000	30.083298
1472.000	1.000	30.151861
1473.000	1.000	30.151861
1474.000	1.000	30.307037
1475.000	1.000	30.179968
1476.000	1.000	30.243038
1477.000	1.000	30.243038
1478.000	1.000	30.265213
1479.000	1.000	30.163059
1480.000	1.000	30.052673
1481.000	1.000	30.052673
1482.000	1.000	30.052673
1483.000	1.000	30.168083
1484.000	1.000	30.151173
1485.000	1.000	30.176538
1486.000	1.000	30.176538
1487.000	1.000	30.020910
1488.000	1.000	30.093353
1489.000	1.000	30.219503
1490.000	1.000	30.219503
1491.000	1.000	30.051533
1492.000	1.000	30.242357
1493.000	1.000	30.242357
1494.000	1.000	30.242357
1495.000	1.000	30.213102
1496.000	1.000	30.006508
1497.000	1.000	30.224764
1498.000	1.000	30.224764
1499.000	1.000	30.063646
1500.000	1.000	30.106607
1501.000	1.000	30.006966
1502.000	1.000	30.006966
1503.000	1.000	30.002625
1504.000	1.000	29.901611
1505.000	1.000	29.901611
1506.000	1.000	29.901611
1507.000	1.000	29.849279
1508.000	1.000	30.036673
1509.000	1.000	29.924923
1510.000	1.000	29.924923
1511.000	1.000	30.008797
1512.000	1.000	29.892471
1513.000	1.000	29.870302
1514.000	1.000	29.870302
1515.000	1.000	29.870302
1516.000	1.000	29.870531
1517.000	1.000	29.870531
1518.000	1.000	29.935890
1519.000	1.000	29.935890
1520.000	1.000	29.848591
1521.000	1.000	29.858646
1522.000	1.000	29.859335
1523.000	1.000	29.859335
1524.000	1.000	29.836479
1525.000	1.000	29.914410
1526.000	1.000	29.914410
1527.000	1.000	29.783916
1528.000	1.000	29.775915
1529.000	1.000	29.775915
1530.000	1.000	29.997826
1531.000	1.000	29.997826
1532.000	1.000	29.879669
1533.000	1.000	29.794884
1534.000	1.000	29.772949
1535.000	1.000	29.772949
1536.000	1.000	29.897270
1537.000	1.000	29.763577
1538.000	1.000	29.742550
1539.000	1.000	29.742550
1540.000	1.000	29.742550
1541.000	1.000	29.824594
1542.000	1.000	29.819798
1543.000	1.000	29.723352
1544.000	1.000	29.723352
1545.000	1.000	29.926754
1546.000	1.000	29.838991
1547.000	1.000	29.862305
1548.000	1.000	29.862305
1549.000	1.000	29.889954
1550.000	1.000	29.944345
1551.000	1.000	29.944345
1552.000	1.000	29.944345
1553.000	1.000	29.893383
1554.000	1.000	29.968348
1555.000	1.000	29.914639
1556.000	1.000	29.914639
1557.000	1.000	29.956692
1558.000	1.000	29.958292
1559.000	1.000	29.893843
1560.000	1.000	29.893843
1561.000	1.000	29.936808
1562.000	1.000	30.049021
1563.000	1.000	30.049021
1564.000	1.000	29.979769
1565.000	1.000	29.979769
1566.000	1.000	29.980686
1567.000	1.000	29.944345
1568.000	1.000	29.944345
1569.000	1.000	30.128088
1570.000	1.000	30.161459
1571.000	1.000	30.171513
1572.000	1.000	30.171513
1573.000	1.000	30.095184
1574.000	1.000	29.891100
1575.000	1.000	29.891100
1576.000	1.000	30.002625
1577.000	1.000	30.002625
1578.000	1.000	29.979086
1579.000	1.000	29.914639
1580.000	1.000	30.138144
1581.000	1.000	30.138144
1582.000	1.000	29.862305
1583.000	1.000	30.065701
1584.000	1.000	30.066612
1585.000	1.000	30.066612
1586.000	1.000	30.066612
1587.000	1.000	30.021133
1588.000	1.000	30.137461
1589.000	1.000	30.007425
1590.000	1.000	30.007425
1591.000	1.000	29.988224
1592.000	1.000	29.960800
1593.000	1.000	29.960800
1594.000	1.000	30.020451
1595.000	1.000	30.034849
1596.000	1.000	30.024334
1597.000	1.000	30.024334
1598.000	1.000	30.024334
1599.000	1.000	29.991194
1600.000	1.000	29.940691
1601.000	1.000	29.914410
1602.000	1.000	29.914410
1603.000	1.000	29.992794
1604.000	1.000	29.840591
1605.000	1.000	29.812256
1606.000	1.000	29.812256
1607.000	1.000	29.863447
1608.000	1.000	29.958292
1609.000	1.000	29.958292
1610.000	1.000	29.958292
1611.000	1.000	29.829395
1612.000	1.000	29.970631
1613.000	1.000	29.819340
1614.000	1.000	29.819340
1615.000	1.000	29.754438
1616.000	1.000	29.758093
1617.000	1.000	29.849279
1618.000	1.000	29.849279
1619.000	1.000	29.714214
1620.000	1.000	29.763577
1621.000	1.000	29.763577
1622.000	1.000	29.679016
1623.000	1.000	29.679016
1624.000	1.000	29.656162
1625.000	1.000	29.816597
1626.000	1.000	29.772261
1627.000	1.000	29.772261
1628.000	1.000	29.743921
1629.000	1.000	29.839909
1630.000	1.000	29.839909
1631.000	1.000	29.711237
1632.000	1.000	29.711237
1633.000	1.000	29.751692
1634.000	1.000	29.626682
1635.000	1.000	29.626682
1636.000	1.000	29.634226
1637.000	1.000	29.803801
1638.000	1.000	29.807455
1639.000	1.000	29.807455
1640.000	1.000	29.818657
1641.000	1.000	29.851109
1642.000	1.000	29.861158
1643.000	1.000	29.861158
1644.000	1.000	29.861158
1645.000	1.000	29.839909
1646.000	1.000	29.797173
1647.000	1.000	29.797173
1648.000	1.000	29.797173
1649.000	1.000	29.840591
1650.000	1.000	29.838308
1651.000	1.000	29.838308
1652.000	1.000	29.872814
1653.000	1.000	29.881958
1654.000	1.000	29.951891
1655.000	1.000	29.951891
1656.000	1.000	29.951891
1657.000	1.000	29.775003
1658.000	1.000	29.844934
1659.000	1.000	29.926754
1660.000	1.000	29.926754
