TIME	INTERVALO	Temp Tanque 2
0.000	0.000	23.606153
0.000	1.000	23.608017
1.000	1.000	23.608017
2.000	1.000	23.609606
3.000	1.000	23.609606
4.000	1.000	23.607353
5.000	1.000	23.602999
6.000	1.000	23.601448
7.000	1.000	23.601448
8.000	1.000	23.608276
9.000	1.000	23.608570
10.000	1.000	23.608570
11.000	1.000	23.591434
12.000	1.000	23.593206
13.000	1.000	23.593206
14.000	1.000	23.596363
15.000	1.000	23.596363
16.000	1.000	23.601645
17.000	1.000	23.601585
18.000	1.000	23.598709
19.000	1.000	23.598709
20.000	1.000	23.597490
21.000	1.000	23.591232
22.000	1.000	23.588631
23.000	1.000	23.588631
24.000	1.000	23.588631
25.000	1.000	23.636698
26.000	1.000	23.638950
27.000	1.000	23.638950
28.000	1.000	23.642622
29.000	1.000	23.644396
30.000	1.000	23.640574
31.000	1.000	23.640574
32.000	1.000	23.647219
33.000	1.000	23.644562
34.000	1.000	23.642607
35.000	1.000	23.642607
36.000	1.000	23.642607
37.000	1.000	23.631460
38.000	1.000	23.636164
39.000	1.000	23.634081
40.000	1.000	23.634081
41.000	1.000	23.630684
42.000	1.000	23.627104
43.000	1.000	23.627104
44.000	1.000	23.629446
45.000	1.000	23.630831
46.000	1.000	23.630703
47.000	1.000	23.630703
48.000	1.000	23.630703
49.000	1.000	23.585800
50.000	1.000	23.578176
51.000	1.000	23.581718
52.000	1.000	23.581718
53.000	1.000	23.588570
54.000	1.000	23.589455
55.000	1.000	23.589455
56.000	1.000	23.585781
57.000	1.000	23.596228
58.000	1.000	23.595488
59.000	1.000	23.595488
60.000	1.000	23.595488
61.000	1.000	23.617374
62.000	1.000	23.617910
63.000	1.000	23.619740
64.000	1.000	23.619740
65.000	1.000	23.623505
66.000	1.000	23.612318
67.000	1.000	23.613077
68.000	1.000	23.613077
69.000	1.000	23.610327
70.000	1.000	23.609255
71.000	1.000	23.609255
72.000	1.000	23.615036
73.000	1.000	23.615036
74.000	1.000	23.624266
75.000	1.000	23.621700
76.000	1.000	23.621700
77.000	1.000	23.620150
78.000	1.000	23.623602
79.000	1.000	23.634010
80.000	1.000	23.634010
81.000	1.000	23.631611
82.000	1.000	23.626259
83.000	1.000	23.626259
84.000	1.000	23.596912
85.000	1.000	23.596912
86.000	1.000	23.596689
87.000	1.000	23.598276
88.000	1.000	23.599531
89.000	1.000	23.599531
90.000	1.000	23.598072
91.000	1.000	23.593403
92.000	1.000	23.593403
93.000	1.000	23.595804
94.000	1.000	23.595804
95.000	1.000	23.595102
96.000	1.000	23.651649
97.000	1.000	23.651649
98.000	1.000	23.651278
99.000	1.000	23.654602
100.000	1.000	23.651373
101.000	1.000	23.651373
102.000	1.000	23.645002
103.000	1.000	23.648935
104.000	1.000	23.645002
105.000	1.000	23.645002
106.000	1.000	23.645002
107.000	1.000	23.652405
108.000	1.000	23.632240
109.000	1.000	23.632240
110.000	1.000	23.638718
111.000	1.000	23.637924
112.000	1.000	23.637278
113.000	1.000	23.637278
114.000	1.000	23.641300
115.000	1.000	23.639973
116.000	1.000	23.638958
117.000	1.000	23.638958
118.000	1.000	23.638958
119.000	1.000	23.633512
120.000	1.000	23.631870
121.000	1.000	23.641024
122.000	1.000	23.641024
123.000	1.000	23.644917
124.000	1.000	23.643847
125.000	1.000	23.637331
126.000	1.000	23.637331
127.000	1.000	23.633511
128.000	1.000	23.641447
129.000	1.000	23.641447
130.000	1.000	23.651562
131.000	1.000	23.651562
132.000	1.000	23.655712
133.000	1.000	23.664091
134.000	1.000	23.664091
135.000	1.000	23.678671
136.000	1.000	23.708921
137.000	1.000	23.745020
138.000	1.000	23.745020
139.000	1.000	23.800663
140.000	1.000	23.862814
141.000	1.000	23.862814
142.000	1.000	23.932806
143.000	1.000	23.932806
144.000	1.000	23.990061
145.000	1.000	24.106445
146.000	1.000	24.106445
147.000	1.000	24.167528
148.000	1.000	24.219419
149.000	1.000	24.275867
150.000	1.000	24.275867
151.000	1.000	24.334724
152.000	1.000	24.370323
153.000	1.000	24.370323
154.000	1.000	24.408266
155.000	1.000	24.408266
156.000	1.000	24.436686
157.000	1.000	24.472149
158.000	1.000	24.503225
159.000	1.000	24.503225
160.000	1.000	24.533508
161.000	1.000	24.554974
162.000	1.000	24.569725
163.000	1.000	24.569725
164.000	1.000	24.569725
165.000	1.000	24.584610
166.000	1.000	24.602863
167.000	1.000	24.602863
168.000	1.000	24.618887
169.000	1.000	24.609798
170.000	1.000	24.617266
171.000	1.000	24.617266
172.000	1.000	24.616915
173.000	1.000	24.632755
174.000	1.000	24.643082
175.000	1.000	24.643082
176.000	1.000	24.643082
177.000	1.000	24.646254
178.000	1.000	24.654642
179.000	1.000	24.658367
180.000	1.000	24.658367
181.000	1.000	24.671902
182.000	1.000	24.678982
183.000	1.000	24.678982
184.000	1.000	24.681122
185.000	1.000	24.686598
186.000	1.000	24.696943
187.000	1.000	24.696943
188.000	1.000	24.696943
189.000	1.000	24.701145
190.000	1.000	24.708136
191.000	1.000	24.713886
192.000	1.000	24.713886
193.000	1.000	24.721815
194.000	1.000	24.730904
195.000	1.000	24.729612
196.000	1.000	24.729612
197.000	1.000	24.735273
198.000	1.000	24.733816
199.000	1.000	24.733816
200.000	1.000	24.732710
201.000	1.000	24.732710
202.000	1.000	24.739994
203.000	1.000	24.743534
204.000	1.000	24.743534
205.000	1.000	24.748621
206.000	1.000	24.745619
207.000	1.000	24.751150
208.000	1.000	24.751150
209.000	1.000	24.748697
210.000	1.000	24.746540
211.000	1.000	24.746540
212.000	1.000	24.759319
213.000	1.000	24.759319
214.000	1.000	24.770695
215.000	1.000	24.775194
216.000	1.000	24.777756
217.000	1.000	24.777756
218.000	1.000	24.792538
219.000	1.000	24.788374
220.000	1.000	24.795195
221.000	1.000	24.795195
222.000	1.000	24.795195
223.000	1.000	24.804762
224.000	1.000	24.815254
225.000	1.000	24.815254
226.000	1.000	24.808083
227.000	1.000	24.813633
228.000	1.000	24.820175
229.000	1.000	24.820175
230.000	1.000	24.824657
231.000	1.000	24.820932
232.000	1.000	24.824345
233.000	1.000	24.824345
234.000	1.000	24.824345
235.000	1.000	24.835754
236.000	1.000	24.840494
237.000	1.000	24.839905
238.000	1.000	24.839905
239.000	1.000	24.837009
240.000	1.000	24.843609
241.000	1.000	24.831022
242.000	1.000	24.831022
243.000	1.000	24.830431
244.000	1.000	24.828480
245.000	1.000	24.828480
246.000	1.000	24.828480
247.000	1.000	24.828829
248.000	1.000	24.828588
249.000	1.000	24.830910
250.000	1.000	24.830910
251.000	1.000	24.831539
252.000	1.000	24.832865
253.000	1.000	24.858046
254.000	1.000	24.858046
255.000	1.000	24.853973
256.000	1.000	24.861422
257.000	1.000	24.869734
258.000	1.000	24.869734
259.000	1.000	24.869734
260.000	1.000	24.872612
261.000	1.000	24.874418
262.000	1.000	24.874418
263.000	1.000	24.874693
264.000	1.000	24.876518
265.000	1.000	24.857569
266.000	1.000	24.857569
267.000	1.000	24.865124
268.000	1.000	24.862728
269.000	1.000	24.862728
270.000	1.000	24.865215
271.000	1.000	24.865215
272.000	1.000	24.868498
273.000	1.000	24.876278
274.000	1.000	24.881496
275.000	1.000	24.881496
276.000	1.000	24.875465
277.000	1.000	24.892742
278.000	1.000	24.894623
279.000	1.000	24.894623
280.000	1.000	24.897814
281.000	1.000	24.897814
282.000	1.000	24.902550
283.000	1.000	24.902550
284.000	1.000	24.904228
285.000	1.000	24.907785
286.000	1.000	24.904339
287.000	1.000	24.904339
288.000	1.000	24.901773
289.000	1.000	24.882290
290.000	1.000	24.889849
291.000	1.000	24.889849
292.000	1.000	24.886881
293.000	1.000	24.886881
294.000	1.000	24.876097
295.000	1.000	24.875929
296.000	1.000	24.875929
297.000	1.000	24.880116
298.000	1.000	24.883471
299.000	1.000	24.888779
300.000	1.000	24.888779
301.000	1.000	24.884539
302.000	1.000	24.903971
303.000	1.000	24.903971
304.000	1.000	24.903971
305.000	1.000	24.902199
306.000	1.000	24.900337
307.000	1.000	24.906807
308.000	1.000	24.906807
309.000	1.000	24.917334
310.000	1.000	24.918608
311.000	1.000	24.926441
312.000	1.000	24.926441
313.000	1.000	24.924543
314.000	1.000	24.940672
315.000	1.000	24.947435
316.000	1.000	24.947435
317.000	1.000	24.947435
318.000	1.000	24.950478
319.000	1.000	24.944487
320.000	1.000	24.944708
321.000	1.000	24.944708
322.000	1.000	24.948267
323.000	1.000	24.947067
324.000	1.000	24.947067
325.000	1.000	24.945795
326.000	1.000	24.910772
327.000	1.000	24.914495
328.000	1.000	24.914495
329.000	1.000	24.914495
330.000	1.000	24.917980
331.000	1.000	24.912983
332.000	1.000	24.916780
333.000	1.000	24.916780
334.000	1.000	24.919785
335.000	1.000	24.920137
336.000	1.000	24.925097
337.000	1.000	24.925097
338.000	1.000	24.913134
339.000	1.000	24.913134
340.000	1.000	24.910479
341.000	1.000	24.904083
342.000	1.000	24.904083
343.000	1.000	24.907457
344.000	1.000	24.906219
345.000	1.000	24.906219
346.000	1.000	24.904617
347.000	1.000	24.905354
348.000	1.000	24.900837
349.000	1.000	24.900837
350.000	1.000	24.920250
351.000	1.000	24.920250
352.000	1.000	24.928745
353.000	1.000	24.931328
354.000	1.000	24.931328
355.000	1.000	24.927603
356.000	1.000	24.930532
357.000	1.000	24.930532
358.000	1.000	24.931198
359.000	1.000	24.926773
360.000	1.000	24.928194
361.000	1.000	24.928194
362.000	1.000	24.951439
363.000	1.000	24.951439
364.000	1.000	24.950352
365.000	1.000	24.949503
366.000	1.000	24.949503
367.000	1.000	24.948029
368.000	1.000	24.953688
369.000	1.000	24.952988
370.000	1.000	24.952988
371.000	1.000	24.954092
372.000	1.000	24.957521
373.000	1.000	24.957521
374.000	1.000	24.957521
375.000	1.000	24.949724
376.000	1.000	24.936251
377.000	1.000	24.941704
378.000	1.000	24.941704
379.000	1.000	24.941227
380.000	1.000	24.951052
381.000	1.000	24.956249
382.000	1.000	24.956249
383.000	1.000	24.958902
384.000	1.000	24.964455
385.000	1.000	24.967403
386.000	1.000	24.967403
387.000	1.000	24.967403
388.000	1.000	24.965376
389.000	1.000	24.969891
390.000	1.000	24.972656
391.000	1.000	24.972656
392.000	1.000	24.981817
393.000	1.000	24.980932
394.000	1.000	24.980932
395.000	1.000	24.993652
396.000	1.000	24.999165
397.000	1.000	24.999165
398.000	1.000	25.001686
399.000	1.000	25.001686
400.000	1.000	25.004065
401.000	1.000	25.007607
402.000	1.000	25.013393
403.000	1.000	25.013393
404.000	1.000	25.015533
405.000	1.000	25.026871
406.000	1.000	25.035234
407.000	1.000	25.035234
408.000	1.000	25.037542
409.000	1.000	25.037542
410.000	1.000	25.040085
411.000	1.000	25.040085
412.000	1.000	25.064764
413.000	1.000	25.070662
414.000	1.000	25.071693
415.000	1.000	25.071693
416.000	1.000	25.074791
417.000	1.000	25.082584
418.000	1.000	25.090036
419.000	1.000	25.090036
420.000	1.000	25.091839
421.000	1.000	25.091839
422.000	1.000	25.102312
423.000	1.000	25.127876
424.000	1.000	25.127876
425.000	1.000	25.135172
426.000	1.000	25.143301
427.000	1.000	25.152149
428.000	1.000	25.152149
429.000	1.000	25.159481
430.000	1.000	25.161711
431.000	1.000	25.161711
432.000	1.000	25.161711
433.000	1.000	25.162802
434.000	1.000	25.174744
435.000	1.000	25.193428
436.000	1.000	25.193428
437.000	1.000	25.200411
438.000	1.000	25.206106
439.000	1.000	25.214418
440.000	1.000	25.214418
441.000	1.000	25.226896
442.000	1.000	25.229717
443.000	1.000	25.230492
444.000	1.000	25.230492
445.000	1.000	25.230492
446.000	1.000	25.230360
447.000	1.000	25.230602
448.000	1.000	25.230602
449.000	1.000	25.249403
450.000	1.000	25.245333
451.000	1.000	25.240374
452.000	1.000	25.240374
453.000	1.000	25.246529
454.000	1.000	25.253605
455.000	1.000	25.262398
456.000	1.000	25.262398
457.000	1.000	25.262398
458.000	1.000	25.272385
459.000	1.000	25.279554
460.000	1.000	25.275459
461.000	1.000	25.275459
462.000	1.000	25.291718
463.000	1.000	25.294369
464.000	1.000	25.294369
465.000	1.000	25.301537
466.000	1.000	25.308777
467.000	1.000	25.308777
468.000	1.000	25.311338
469.000	1.000	25.311338
470.000	1.000	25.315744
471.000	1.000	25.313259
472.000	1.000	25.323414
473.000	1.000	25.323414
474.000	1.000	25.324116
475.000	1.000	25.330696
476.000	1.000	25.336536
477.000	1.000	25.336536
478.000	1.000	25.338211
479.000	1.000	25.338211
480.000	1.000	25.339613
481.000	1.000	25.339613
482.000	1.000	25.344532
483.000	1.000	25.348749
484.000	1.000	25.355417
485.000	1.000	25.355417
486.000	1.000	25.355396
487.000	1.000	25.365015
488.000	1.000	25.373932
489.000	1.000	25.373932
490.000	1.000	25.375336
491.000	1.000	25.375336
492.000	1.000	25.386446
493.000	1.000	25.390148
494.000	1.000	25.390148
495.000	1.000	25.392103
496.000	1.000	25.401390
497.000	1.000	25.405390
498.000	1.000	25.405390
499.000	1.000	25.407196
500.000	1.000	25.409279
501.000	1.000	25.409279
502.000	1.000	25.409279
503.000	1.000	25.409847
504.000	1.000	25.415451
505.000	1.000	25.418949
506.000	1.000	25.418949
507.000	1.000	25.419464
508.000	1.000	25.371542
509.000	1.000	25.377720
510.000	1.000	25.377720
511.000	1.000	25.383430
512.000	1.000	25.390360
513.000	1.000	25.392717
514.000	1.000	25.392717
515.000	1.000	25.392717
516.000	1.000	25.396030
517.000	1.000	25.405910
518.000	1.000	25.412914
519.000	1.000	25.412914
520.000	1.000	25.453558
521.000	1.000	25.450754
522.000	1.000	25.450754
523.000	1.000	25.450739
524.000	1.000	25.456875
525.000	1.000	25.451677
526.000	1.000	25.451677
527.000	1.000	25.451677
528.000	1.000	25.455988
529.000	1.000	25.465389
530.000	1.000	25.476002
531.000	1.000	25.476002
532.000	1.000	25.457611
533.000	1.000	25.464285
534.000	1.000	25.470198
535.000	1.000	25.470198
536.000	1.000	25.474361
537.000	1.000	25.474361
538.000	1.000	25.477917
539.000	1.000	25.477917
540.000	1.000	25.483353
541.000	1.000	25.484789
542.000	1.000	25.482004
543.000	1.000	25.482004
544.000	1.000	25.483978
545.000	1.000	25.540171
546.000	1.000	25.541628
547.000	1.000	25.541628
548.000	1.000	25.544500
549.000	1.000	25.544500
550.000	1.000	25.547340
551.000	1.000	25.551188
552.000	1.000	25.551188
553.000	1.000	25.553640
554.000	1.000	25.551487
555.000	1.000	25.555206
556.000	1.000	25.555206
557.000	1.000	25.526411
558.000	1.000	25.527107
559.000	1.000	25.527107
560.000	1.000	25.534538
561.000	1.000	25.534538
562.000	1.000	25.537670
563.000	1.000	25.537132
564.000	1.000	25.537132
565.000	1.000	25.541777
566.000	1.000	25.535751
567.000	1.000	25.536690
568.000	1.000	25.536690
569.000	1.000	25.553577
570.000	1.000	25.563400
571.000	1.000	25.563400
572.000	1.000	25.563400
573.000	1.000	25.564560
574.000	1.000	25.573277
575.000	1.000	25.577032
576.000	1.000	25.577032
577.000	1.000	25.573679
578.000	1.000	25.576534
579.000	1.000	25.584681
580.000	1.000	25.584681
581.000	1.000	25.587296
582.000	1.000	25.595015
583.000	1.000	25.593027
584.000	1.000	25.593027
585.000	1.000	25.593027
586.000	1.000	25.600153
587.000	1.000	25.601002
588.000	1.000	25.601778
589.000	1.000	25.601778
590.000	1.000	25.606308
591.000	1.000	25.609844
592.000	1.000	25.609844
593.000	1.000	25.612541
594.000	1.000	25.615877
595.000	1.000	25.619137
596.000	1.000	25.619137
597.000	1.000	25.619137
598.000	1.000	25.615635
599.000	1.000	25.632637
600.000	1.000	25.635035
601.000	1.000	25.635035
602.000	1.000	25.637875
603.000	1.000	25.643379
604.000	1.000	25.624168
605.000	1.000	25.624168
606.000	1.000	25.630505
607.000	1.000	25.630505
608.000	1.000	25.629530
609.000	1.000	25.629530
610.000	1.000	25.630777
611.000	1.000	25.633802
612.000	1.000	25.636179
613.000	1.000	25.636179
614.000	1.000	25.639088
615.000	1.000	25.631887
616.000	1.000	25.666990
617.000	1.000	25.666990
618.000	1.000	25.666899
619.000	1.000	25.666899
620.000	1.000	25.670031
621.000	1.000	25.672392
622.000	1.000	25.672392
623.000	1.000	25.672869
624.000	1.000	25.674728
625.000	1.000	25.674728
626.000	1.000	25.674339
627.000	1.000	25.678984
628.000	1.000	25.686275
629.000	1.000	25.686275
630.000	1.000	25.709768
631.000	1.000	25.709768
632.000	1.000	25.704336
633.000	1.000	25.704245
634.000	1.000	25.704245
635.000	1.000	25.707855
636.000	1.000	25.708462
637.000	1.000	25.709217
638.000	1.000	25.709217
639.000	1.000	25.715998
640.000	1.000	25.717396
641.000	1.000	25.714081
642.000	1.000	25.714081
643.000	1.000	25.714081
644.000	1.000	25.719980
645.000	1.000	25.727016
646.000	1.000	25.725157
647.000	1.000	25.725157
648.000	1.000	25.734402
649.000	1.000	25.736887
650.000	1.000	25.736887
651.000	1.000	25.738304
652.000	1.000	25.736465
653.000	1.000	25.750149
654.000	1.000	25.750149
655.000	1.000	25.750149
656.000	1.000	25.751844
657.000	1.000	25.744789
658.000	1.000	25.743698
659.000	1.000	25.743698
660.000	1.000	25.744989
661.000	1.000	25.747351
662.000	1.000	25.751200
663.000	1.000	25.751200
664.000	1.000	25.753004
665.000	1.000	25.731998
666.000	1.000	25.731998
667.000	1.000	25.731998
668.000	1.000	25.730139
669.000	1.000	25.735994
670.000	1.000	25.736805
671.000	1.000	25.736805
672.000	1.000	25.740211
673.000	1.000	25.742445
674.000	1.000	25.748358
675.000	1.000	25.748358
676.000	1.000	25.757547
677.000	1.000	25.757547
678.000	1.000	25.767242
679.000	1.000	25.773149
680.000	1.000	25.773149
681.000	1.000	25.773132
682.000	1.000	25.767920
683.000	1.000	25.768896
684.000	1.000	25.768896
685.000	1.000	25.770533
686.000	1.000	25.778252
687.000	1.000	25.778252
688.000	1.000	25.779285
689.000	1.000	25.779285
690.000	1.000	25.780666
691.000	1.000	25.806253
692.000	1.000	25.806253
693.000	1.000	25.806791
694.000	1.000	25.807636
695.000	1.000	25.812241
696.000	1.000	25.812241
697.000	1.000	25.812960
698.000	1.000	25.806051
699.000	1.000	25.811430
700.000	1.000	25.811430
701.000	1.000	25.811430
702.000	1.000	25.815317
703.000	1.000	25.811541
704.000	1.000	25.819719
705.000	1.000	25.819719
706.000	1.000	25.819441
707.000	1.000	25.823645
708.000	1.000	25.823645
709.000	1.000	25.825062
710.000	1.000	25.835947
711.000	1.000	25.834196
712.000	1.000	25.834196
713.000	1.000	25.834196
714.000	1.000	25.836130
715.000	1.000	25.857206
716.000	1.000	25.860682
717.000	1.000	25.860682
718.000	1.000	25.857206
719.000	1.000	25.864220
720.000	1.000	25.864590
721.000	1.000	25.864590
722.000	1.000	25.863743
723.000	1.000	25.865845
724.000	1.000	25.865845
725.000	1.000	25.865845
726.000	1.000	25.864870
727.000	1.000	25.856426
728.000	1.000	25.863684
729.000	1.000	25.863684
730.000	1.000	25.867569
731.000	1.000	25.876390
732.000	1.000	25.881678
733.000	1.000	25.881678
734.000	1.000	25.879339
735.000	1.000	25.882343
736.000	1.000	25.882343
737.000	1.000	25.879488
738.000	1.000	25.879488
739.000	1.000	25.874054
740.000	1.000	25.879175
741.000	1.000	25.878752
742.000	1.000	25.878752
743.000	1.000	25.880497
744.000	1.000	25.880999
745.000	1.000	25.880999
746.000	1.000	25.882582
747.000	1.000	25.882582
748.000	1.000	25.888201
749.000	1.000	25.890762
750.000	1.000	25.890762
751.000	1.000	25.879782
752.000	1.000	25.883814
753.000	1.000	25.884792
754.000	1.000	25.884792
755.000	1.000	25.888052
756.000	1.000	25.890154
757.000	1.000	25.892141
758.000	1.000	25.892141
759.000	1.000	25.892141
760.000	1.000	25.895988
761.000	1.000	25.898384
762.000	1.000	25.898384
763.000	1.000	25.933319
764.000	1.000	25.926876
765.000	1.000	25.925900
766.000	1.000	25.925900
767.000	1.000	25.925367
768.000	1.000	25.932255
769.000	1.000	25.928720
770.000	1.000	25.928720
771.000	1.000	25.928720
772.000	1.000	25.929863
773.000	1.000	25.925272
774.000	1.000	25.938150
775.000	1.000	25.938150
776.000	1.000	25.940323
777.000	1.000	25.943583
778.000	1.000	25.943583
779.000	1.000	25.941080
780.000	1.000	25.945866
781.000	1.000	25.951040
782.000	1.000	25.951040
783.000	1.000	25.951040
784.000	1.000	25.958282
785.000	1.000	25.963398
786.000	1.000	25.965368
787.000	1.000	25.965368
788.000	1.000	25.954041
789.000	1.000	25.951258
790.000	1.000	25.955734
791.000	1.000	25.955734
792.000	1.000	25.957541
793.000	1.000	25.964243
794.000	1.000	25.964243
795.000	1.000	25.967943
796.000	1.000	25.967943
797.000	1.000	25.971205
798.000	1.000	25.977118
799.000	1.000	25.977118
800.000	1.000	25.987747
801.000	1.000	25.992405
802.000	1.000	25.989237
803.000	1.000	25.989237
804.000	1.000	25.989426
805.000	1.000	25.989426
806.000	1.000	25.992903
807.000	1.000	25.992203
808.000	1.000	25.992203
809.000	1.000	25.988928
810.000	1.000	25.999367
811.000	1.000	25.984118
812.000	1.000	25.984118
813.000	1.000	25.983603
814.000	1.000	25.986845
815.000	1.000	25.987688
816.000	1.000	25.987688
817.000	1.000	25.987688
818.000	1.000	25.988241
819.000	1.000	25.989161
820.000	1.000	25.989161
821.000	1.000	25.993547
822.000	1.000	25.993050
823.000	1.000	25.996586
824.000	1.000	25.996586
825.000	1.000	25.991688
826.000	1.000	26.000210
827.000	1.000	25.996641
828.000	1.000	25.996641
829.000	1.000	25.996641
830.000	1.000	25.995258
831.000	1.000	26.002827
832.000	1.000	26.000065
833.000	1.000	26.000065
834.000	1.000	26.004250
835.000	1.000	26.014338
836.000	1.000	26.014338
837.000	1.000	26.017302
838.000	1.000	26.014610
839.000	1.000	26.017117
840.000	1.000	26.017117
841.000	1.000	26.017117
842.000	1.000	26.016544
843.000	1.000	26.027853
844.000	1.000	26.026949
845.000	1.000	26.026949
846.000	1.000	26.029804
847.000	1.000	26.048216
848.000	1.000	26.046928
849.000	1.000	26.046928
850.000	1.000	26.047369
851.000	1.000	26.048347
852.000	1.000	26.048347
853.000	1.000	26.048384
854.000	1.000	26.048384
855.000	1.000	26.054720
856.000	1.000	26.053541
857.000	1.000	26.053541
858.000	1.000	26.053541
859.000	1.000	26.057390
860.000	1.000	26.062286
861.000	1.000	26.062286
862.000	1.000	26.064899
863.000	1.000	26.065489
864.000	1.000	26.065489
865.000	1.000	26.069391
866.000	1.000	26.069391
867.000	1.000	26.073057
868.000	1.000	26.075415
869.000	1.000	26.076427
870.000	1.000	26.076427
871.000	1.000	26.081327
872.000	1.000	26.096529
873.000	1.000	26.096529
874.000	1.000	26.099182
875.000	1.000	26.099182
876.000	1.000	26.102421
877.000	1.000	26.109657
878.000	1.000	26.109657
879.000	1.000	26.107983
880.000	1.000	26.111517
881.000	1.000	26.112751
882.000	1.000	26.112751
883.000	1.000	26.112679
884.000	1.000	26.073563
885.000	1.000	26.073044
886.000	1.000	26.073044
887.000	1.000	26.073044
888.000	1.000	26.077484
889.000	1.000	26.078037
890.000	1.000	26.078037
891.000	1.000	26.070503
892.000	1.000	26.074961
893.000	1.000	26.073910
894.000	1.000	26.073910
895.000	1.000	26.081625
896.000	1.000	26.116589
897.000	1.000	26.117676
898.000	1.000	26.117676
899.000	1.000	26.117676
900.000	1.000	26.119093
901.000	1.000	26.120699
902.000	1.000	26.121136
903.000	1.000	26.121136
904.000	1.000	26.119184
905.000	1.000	26.117599
906.000	1.000	26.118855
907.000	1.000	26.118855
908.000	1.000	26.116388
909.000	1.000	26.125135
910.000	1.000	26.125135
911.000	1.000	26.125135
912.000	1.000	26.131804
913.000	1.000	26.137880
914.000	1.000	26.145205
915.000	1.000	26.145205
916.000	1.000	26.143826
917.000	1.000	26.151964
918.000	1.000	26.149515
919.000	1.000	26.149515
920.000	1.000	26.202431
921.000	1.000	26.207901
922.000	1.000	26.207901
923.000	1.000	26.203167
924.000	1.000	26.203167
925.000	1.000	26.202656
926.000	1.000	26.201347
927.000	1.000	26.196707
928.000	1.000	26.196707
929.000	1.000	26.199636
930.000	1.000	26.199522
931.000	1.000	26.199522
932.000	1.000	26.122856
933.000	1.000	26.123535
934.000	1.000	26.123535
935.000	1.000	26.122654
936.000	1.000	26.122654
937.000	1.000	26.123281
938.000	1.000	26.125896
939.000	1.000	26.130312
940.000	1.000	26.130312
941.000	1.000	26.123152
942.000	1.000	26.128233
943.000	1.000	26.178486
944.000	1.000	26.178486
945.000	1.000	26.178486
946.000	1.000	26.171297
947.000	1.000	26.171055
948.000	1.000	26.176542
949.000	1.000	26.176542
950.000	1.000	26.175180
951.000	1.000	26.184496
952.000	1.000	26.184496
953.000	1.000	26.185734
954.000	1.000	26.192062
955.000	1.000	26.169773
956.000	1.000	26.169773
957.000	1.000	26.169773
958.000	1.000	26.199467
959.000	1.000	26.200829
960.000	1.000	26.207626
961.000	1.000	26.207626
962.000	1.000	26.208782
963.000	1.000	26.209909
964.000	1.000	26.212872
965.000	1.000	26.212872
966.000	1.000	26.210863
967.000	1.000	26.211271
968.000	1.000	26.202648
969.000	1.000	26.202648
970.000	1.000	26.202648
971.000	1.000	26.202854
972.000	1.000	26.208914
973.000	1.000	26.208914
974.000	1.000	26.214066
975.000	1.000	26.215925
976.000	1.000	26.219336
977.000	1.000	26.219336
978.000	1.000	26.220291
979.000	1.000	26.217764
980.000	1.000	26.217764
981.000	1.000	26.251898
982.000	1.000	26.251898
983.000	1.000	26.249889
984.000	1.000	26.243353
985.000	1.000	26.243353
986.000	1.000	26.242559
987.000	1.000	26.237682
988.000	1.000	26.246094
989.000	1.000	26.246094
990.000	1.000	26.244328
991.000	1.000	26.248932
992.000	1.000	26.248932
993.000	1.000	26.262897
994.000	1.000	26.262897
995.000	1.000	26.264536
996.000	1.000	26.262878
997.000	1.000	26.269012
998.000	1.000	26.269012
999.000	1.000	26.275068
1000.000	1.000	26.276064
1001.000	1.000	26.282543
1002.000	1.000	26.282543
1003.000	1.000	26.283926
1004.000	1.000	26.283926
1005.000	1.000	26.284971
1006.000	1.000	26.284971
1007.000	1.000	26.268223
1008.000	1.000	26.264507
1009.000	1.000	26.266047
1010.000	1.000	26.266047
1011.000	1.000	26.267633
1012.000	1.000	26.272493
1013.000	1.000	26.272457
1014.000	1.000	26.272457
1015.000	1.000	26.272457
1016.000	1.000	26.274481
1017.000	1.000	26.280445
1018.000	1.000	26.267660
1019.000	1.000	26.267660
1020.000	1.000	26.265373
1021.000	1.000	26.271652
1022.000	1.000	26.271652
1023.000	1.000	26.282444
1024.000	1.000	26.284689
1025.000	1.000	26.289549
1026.000	1.000	26.289549
1027.000	1.000	26.289549
1028.000	1.000	26.294283
1029.000	1.000	26.288923
1030.000	1.000	26.296980
1031.000	1.000	26.296980
1032.000	1.000	26.302668
1033.000	1.000	26.303131
1034.000	1.000	26.317104
1035.000	1.000	26.317104
1036.000	1.000	26.319309
1037.000	1.000	26.310787
1038.000	1.000	26.310787
1039.000	1.000	26.310787
1040.000	1.000	26.310310
1041.000	1.000	26.305264
1042.000	1.000	26.311642
1043.000	1.000	26.311642
1044.000	1.000	26.313559
1045.000	1.000	26.320717
1046.000	1.000	26.321014
1047.000	1.000	26.321014
1048.000	1.000	26.325157
1049.000	1.000	26.326445
1050.000	1.000	26.326445
1051.000	1.000	26.321972
1052.000	1.000	26.321972
1053.000	1.000	26.326832
1054.000	1.000	26.336769
1055.000	1.000	26.333138
1056.000	1.000	26.333138
1057.000	1.000	26.333820
1058.000	1.000	26.334799
1059.000	1.000	26.334799
1060.000	1.000	26.333042
1061.000	1.000	26.334536
1062.000	1.000	26.334536
1063.000	1.000	26.336655
1064.000	1.000	26.336655
1065.000	1.000	26.335329
1066.000	1.000	26.342253
1067.000	1.000	26.342838
1068.000	1.000	26.342838
1069.000	1.000	26.347277
1070.000	1.000	26.352449
1071.000	1.000	26.350683
1072.000	1.000	26.350683
1073.000	1.000	26.353151
1074.000	1.000	26.353151
1075.000	1.000	26.352983
1076.000	1.000	26.352798
1077.000	1.000	26.352798
1078.000	1.000	26.346510
1079.000	1.000	26.344213
1080.000	1.000	26.344213
1081.000	1.000	26.346344
1082.000	1.000	26.348518
1083.000	1.000	26.357246
1084.000	1.000	26.357246
1085.000	1.000	26.357246
1086.000	1.000	26.356989
1087.000	1.000	26.363138
1088.000	1.000	26.365734
1089.000	1.000	26.365734
1090.000	1.000	26.361904
1091.000	1.000	26.364262
1092.000	1.000	26.364262
1093.000	1.000	26.363064
1094.000	1.000	26.361570
1095.000	1.000	26.362217
1096.000	1.000	26.362217
1097.000	1.000	26.362217
1098.000	1.000	26.365032
1099.000	1.000	26.369671
1100.000	1.000	26.377621
1101.000	1.000	26.377621
1102.000	1.000	26.393452
1103.000	1.000	26.393785
1104.000	1.000	26.394228
1105.000	1.000	26.394228
1106.000	1.000	26.390141
1107.000	1.000	26.393473
1108.000	1.000	26.393473
1109.000	1.000	26.393473
1110.000	1.000	26.405659
1111.000	1.000	26.396898
1112.000	1.000	26.401150
1113.000	1.000	26.401150
1114.000	1.000	26.387272
1115.000	1.000	26.392067
1116.000	1.000	26.399580
1117.000	1.000	26.399580
1118.000	1.000	26.396873
1119.000	1.000	26.398733
1120.000	1.000	26.398733
1121.000	1.000	26.402891
1122.000	1.000	26.402891
1123.000	1.000	26.404072
1124.000	1.000	26.404753
1125.000	1.000	26.405397
1126.000	1.000	26.405397
1127.000	1.000	26.429691
1128.000	1.000	26.437553
1129.000	1.000	26.437553
1130.000	1.000	26.434296
1131.000	1.000	26.428280
1132.000	1.000	26.428280
1133.000	1.000	26.431919
1134.000	1.000	26.431919
1135.000	1.000	26.434553
1136.000	1.000	26.430670
1137.000	1.000	26.438051
1138.000	1.000	26.438051
1139.000	1.000	26.412769
1140.000	1.000	26.412859
1141.000	1.000	26.417646
1142.000	1.000	26.417646
1143.000	1.000	26.416817
1144.000	1.000	26.416817
1145.000	1.000	26.418327
1146.000	1.000	26.418585
1147.000	1.000	26.418585
1148.000	1.000	26.417294
1149.000	1.000	26.421312
1150.000	1.000	26.421312
1151.000	1.000	26.424780
1152.000	1.000	26.429991
1153.000	1.000	26.433233
1154.000	1.000	26.433233
1155.000	1.000	26.433233
1156.000	1.000	26.437687
1157.000	1.000	26.434208
1158.000	1.000	26.438368
1159.000	1.000	26.438368
1160.000	1.000	26.442066
1161.000	1.000	26.433193
1162.000	1.000	26.496380
1163.000	1.000	26.496380
1164.000	1.000	26.505825
1165.000	1.000	26.512634
1166.000	1.000	26.512581
1167.000	1.000	26.512581
1168.000	1.000	26.512581
1169.000	1.000	26.512581
1170.000	1.000	26.512506
1171.000	1.000	26.512506
1172.000	1.000	26.514458
1173.000	1.000	26.515949
1174.000	1.000	26.479963
1175.000	1.000	26.479963
1176.000	1.000	26.472685
1177.000	1.000	26.476700
1178.000	1.000	26.480415
1179.000	1.000	26.480415
1180.000	1.000	26.480415
1181.000	1.000	26.482496
1182.000	1.000	26.481354
1183.000	1.000	26.481482
1184.000	1.000	26.481482
1185.000	1.000	26.484758
1186.000	1.000	26.497272
1187.000	1.000	26.497272
1188.000	1.000	26.490349
1189.000	1.000	26.488655
1190.000	1.000	26.488655
1191.000	1.000	26.495171
1192.000	1.000	26.495171
1193.000	1.000	26.503069
1194.000	1.000	26.500473
1195.000	1.000	26.503971
1196.000	1.000	26.503971
1197.000	1.000	26.502020
1198.000	1.000	26.505167
1199.000	1.000	26.534235
1200.000	1.000	26.534235
1201.000	1.000	26.536570
1202.000	1.000	26.536570
1203.000	1.000	26.532614
1204.000	1.000	26.532614
1205.000	1.000	26.535448
1206.000	1.000	26.544268
1207.000	1.000	26.544725
1208.000	1.000	26.544725
1209.000	1.000	26.547211
1210.000	1.000	26.553577
1211.000	1.000	26.527790
1212.000	1.000	26.527790
1213.000	1.000	26.529261
1214.000	1.000	26.529261
1215.000	1.000	26.524015
1216.000	1.000	26.524771
1217.000	1.000	26.524771
1218.000	1.000	26.529226
1219.000	1.000	26.526318
1220.000	1.000	26.526318
1221.000	1.000	26.525747
1222.000	1.000	26.524199
1223.000	1.000	26.548851
1224.000	1.000	26.548851
1225.000	1.000	26.548851
1226.000	1.000	26.551464
1227.000	1.000	26.558769
1228.000	1.000	26.563538
1229.000	1.000	26.563538
1230.000	1.000	26.565691
1231.000	1.000	26.556799
1232.000	1.000	26.556005
1233.000	1.000	26.556005
1234.000	1.000	26.562946
1235.000	1.000	26.527903
1236.000	1.000	26.527903
1237.000	1.000	26.527903
1238.000	1.000	26.529671
1239.000	1.000	26.532248
1240.000	1.000	26.537510
1241.000	1.000	26.537510
1242.000	1.000	26.538574
1243.000	1.000	26.533609
1244.000	1.000	26.531469
1245.000	1.000	26.531469
1246.000	1.000	26.542648
1247.000	1.000	26.580139
1248.000	1.000	26.584297
1249.000	1.000	26.584297
1250.000	1.000	26.584297
1251.000	1.000	26.579458
1252.000	1.000	26.581758
1253.000	1.000	26.588070
1254.000	1.000	26.588070
1255.000	1.000	26.580599
1256.000	1.000	26.589251
1257.000	1.000	26.589251
1258.000	1.000	26.587740
1259.000	1.000	26.609825
1260.000	1.000	26.609825
1261.000	1.000	26.598289
1262.000	1.000	26.598289
1263.000	1.000	26.601563
1264.000	1.000	26.604969
1265.000	1.000	26.612183
1266.000	1.000	26.612183
1267.000	1.000	26.618349
1268.000	1.000	26.623466
1269.000	1.000	26.616398
1270.000	1.000	26.616398
1271.000	1.000	26.613251
1272.000	1.000	26.613251
1273.000	1.000	26.619566
1274.000	1.000	26.619566
1275.000	1.000	26.631161
1276.000	1.000	26.626835
1277.000	1.000	26.628784
1278.000	1.000	26.628784
1279.000	1.000	26.630148
1280.000	1.000	26.626375
1281.000	1.000	26.629118
1282.000	1.000	26.629118
1283.000	1.000	26.626501
1284.000	1.000	26.626501
1285.000	1.000	26.630424
1286.000	1.000	26.627371
1287.000	1.000	26.627371
1288.000	1.000	26.625105
1289.000	1.000	26.626488
1290.000	1.000	26.628012
1291.000	1.000	26.628012
1292.000	1.000	26.625916
1293.000	1.000	26.626318
1294.000	1.000	26.626318
1295.000	1.000	26.626318
1296.000	1.000	26.633089
1297.000	1.000	26.644539
1298.000	1.000	26.646969
1299.000	1.000	26.646969
1300.000	1.000	26.646549
1301.000	1.000	26.654774
1302.000	1.000	26.657978
1303.000	1.000	26.657978
1304.000	1.000	26.658344
1305.000	1.000	26.656502
1306.000	1.000	26.660351
1307.000	1.000	26.660351
1308.000	1.000	26.660351
1309.000	1.000	26.636087
1310.000	1.000	26.638941
1311.000	1.000	26.637817
1312.000	1.000	26.637817
1313.000	1.000	26.639254
1314.000	1.000	26.647776
1315.000	1.000	26.647776
1316.000	1.000	26.645624
1317.000	1.000	26.656076
1318.000	1.000	26.656734
1319.000	1.000	26.656734
1320.000	1.000	26.656734
1321.000	1.000	26.661530
1322.000	1.000	26.663994
1323.000	1.000	26.664213
1324.000	1.000	26.664213
1325.000	1.000	26.664251
1326.000	1.000	26.664030
1327.000	1.000	26.672459
1328.000	1.000	26.672459
1329.000	1.000	26.673695
1330.000	1.000	26.673695
1331.000	1.000	26.676842
1332.000	1.000	26.688087
1333.000	1.000	26.688087
1334.000	1.000	26.689816
1335.000	1.000	26.691141
1336.000	1.000	26.691141
1337.000	1.000	26.693571
1338.000	1.000	26.692539
1339.000	1.000	26.699772
1340.000	1.000	26.699772
1341.000	1.000	26.700787
1342.000	1.000	26.700787
1343.000	1.000	26.703104
1344.000	1.000	26.700306
1345.000	1.000	26.700306
1346.000	1.000	26.711073
1347.000	1.000	26.712194
1348.000	1.000	26.712524
1349.000	1.000	26.712524
1350.000	1.000	26.713541
1351.000	1.000	26.714182
1352.000	1.000	26.712858
1353.000	1.000	26.712858
1354.000	1.000	26.712858
1355.000	1.000	26.717678
1356.000	1.000	26.746502
1357.000	1.000	26.746502
1358.000	1.000	26.740730
1359.000	1.000	26.737064
1360.000	1.000	26.740894
1361.000	1.000	26.740894
1362.000	1.000	26.738188
1363.000	1.000	26.739532
1364.000	1.000	26.742882
1365.000	1.000	26.742882
1366.000	1.000	26.742882
1367.000	1.000	26.745623
1368.000	1.000	26.745453
1369.000	1.000	26.749908
1370.000	1.000	26.749908
1371.000	1.000	26.750336
1372.000	1.000	26.755507
1373.000	1.000	26.765446
1374.000	1.000	26.765446
1375.000	1.000	26.769859
1376.000	1.000	26.766582
1377.000	1.000	26.766582
1378.000	1.000	26.766582
1379.000	1.000	26.769012
1380.000	1.000	26.770872
1381.000	1.000	26.769823
1382.000	1.000	26.769823
1383.000	1.000	26.769253
1384.000	1.000	26.771849
1385.000	1.000	26.770929
1386.000	1.000	26.770929
1387.000	1.000	26.765112
1388.000	1.000	26.767727
1389.000	1.000	26.767727
1390.000	1.000	26.766344
1391.000	1.000	26.766344
1392.000	1.000	26.771385
1393.000	1.000	26.752590
1394.000	1.000	26.752590
1395.000	1.000	26.756937
1396.000	1.000	26.759106
1397.000	1.000	26.750513
1398.000	1.000	26.750513
1399.000	1.000	26.753639
1400.000	1.000	26.753639
1401.000	1.000	26.753477
1402.000	1.000	26.757504
1403.000	1.000	26.757504
1404.000	1.000	26.761808
1405.000	1.000	26.793045
1406.000	1.000	26.794147
1407.000	1.000	26.794147
1408.000	1.000	26.798599
1409.000	1.000	26.798695
1410.000	1.000	26.798695
1411.000	1.000	26.798088
1412.000	1.000	26.798088
1413.000	1.000	26.801895
1414.000	1.000	26.801291
1415.000	1.000	26.801291
1416.000	1.000	26.804399
1417.000	1.000	26.796946
1418.000	1.000	26.799229
1419.000	1.000	26.799229
1420.000	1.000	26.796209
1421.000	1.000	26.796392
1422.000	1.000	26.802359
1423.000	1.000	26.802359
1424.000	1.000	26.802359
1425.000	1.000	26.799042
1426.000	1.000	26.800755
1427.000	1.000	26.800314
1428.000	1.000	26.800314
1429.000	1.000	26.799505
1430.000	1.000	26.803442
1431.000	1.000	26.803442
1432.000	1.000	26.804014
1433.000	1.000	26.805008
1434.000	1.000	26.803553
1435.000	1.000	26.803553
1436.000	1.000	26.803553
1437.000	1.000	26.808372
1438.000	1.000	26.812162
1439.000	1.000	26.815458
1440.000	1.000	26.815458
1441.000	1.000	26.819818
1442.000	1.000	26.810200
1443.000	1.000	26.812407
1444.000	1.000	26.812407
1445.000	1.000	26.814798
1446.000	1.000	26.813347
1447.000	1.000	26.813347
1448.000	1.000	26.816675
1449.000	1.000	26.816675
1450.000	1.000	26.818443
1451.000	1.000	26.817358
1452.000	1.000	26.817358
1453.000	1.000	26.826630
1454.000	1.000	26.819319
1455.000	1.000	26.814152
1456.000	1.000	26.814152
1457.000	1.000	26.820274
1458.000	1.000	26.823109
1459.000	1.000	26.823109
1460.000	1.000	26.823532
1461.000	1.000	26.823532
1462.000	1.000	26.825888
1463.000	1.000	26.834063
1464.000	1.000	26.834314
1465.000	1.000	26.834314
1466.000	1.000	26.870140
1467.000	1.000	26.871946
1468.000	1.000	26.882896
1469.000	1.000	26.882896
1470.000	1.000	26.882896
1471.000	1.000	26.881603
1472.000	1.000	26.881071
1473.000	1.000	26.881071
1474.000	1.000	26.877413
1475.000	1.000	26.872110
1476.000	1.000	26.877430
1477.000	1.000	26.877430
1478.000	1.000	26.881659
1479.000	1.000	26.883999
1480.000	1.000	26.886023
1481.000	1.000	26.886023
1482.000	1.000	26.886023
1483.000	1.000	26.886332
1484.000	1.000	26.885670
1485.000	1.000	26.882946
1486.000	1.000	26.882946
1487.000	1.000	26.885084
1488.000	1.000	26.889482
1489.000	1.000	26.866575
1490.000	1.000	26.866575
1491.000	1.000	26.867041
1492.000	1.000	26.871454
1493.000	1.000	26.871454
1494.000	1.000	26.871454
1495.000	1.000	26.871290
1496.000	1.000	26.879719
1497.000	1.000	26.875341
1498.000	1.000	26.875341
1499.000	1.000	26.880602
1500.000	1.000	26.883121
1501.000	1.000	26.891312
1502.000	1.000	26.891312
1503.000	1.000	26.919233
1504.000	1.000	26.920151
1505.000	1.000	26.920151
1506.000	1.000	26.920151
1507.000	1.000	26.925453
1508.000	1.000	26.923796
1509.000	1.000	26.924021
1510.000	1.000	26.924021
1511.000	1.000	26.928913
1512.000	1.000	26.924532
1513.000	1.000	26.927715
1514.000	1.000	26.927715
1515.000	1.000	26.930016
1516.000	1.000	26.924458
1517.000	1.000	26.924458
1518.000	1.000	26.931179
1519.000	1.000	26.931179
1520.000	1.000	26.935059
1521.000	1.000	26.931711
1522.000	1.000	26.935280
1523.000	1.000	26.935280
1524.000	1.000	26.936106
1525.000	1.000	26.942253
1526.000	1.000	26.942253
1527.000	1.000	26.963680
1528.000	1.000	26.962448
1529.000	1.000	26.962448
1530.000	1.000	26.963734
1531.000	1.000	26.963734
1532.000	1.000	26.966497
1533.000	1.000	26.962891
1534.000	1.000	26.969919
1535.000	1.000	26.969919
1536.000	1.000	26.969517
1537.000	1.000	26.979763
1538.000	1.000	26.970724
1539.000	1.000	26.970724
1540.000	1.000	26.970724
1541.000	1.000	26.967045
1542.000	1.000	26.965628
1543.000	1.000	26.967434
1544.000	1.000	26.967434
1545.000	1.000	26.971478
1546.000	1.000	26.978653
1547.000	1.000	26.976793
1548.000	1.000	26.976793
1549.000	1.000	26.974531
1550.000	1.000	26.955902
1551.000	1.000	26.955902
1552.000	1.000	26.955902
1553.000	1.000	26.963524
1554.000	1.000	26.966854
1555.000	1.000	26.963633
1556.000	1.000	26.963633
1557.000	1.000	26.966118
1558.000	1.000	26.967569
1559.000	1.000	26.961222
1560.000	1.000	26.961222
1561.000	1.000	26.962107
1562.000	1.000	26.999321
1563.000	1.000	26.999321
1564.000	1.000	27.003204
1565.000	1.000	27.003204
1566.000	1.000	27.003462
1567.000	1.000	27.010546
1568.000	1.000	27.010546
1569.000	1.000	27.012682
1570.000	1.000	27.018219
1571.000	1.000	27.018606
1572.000	1.000	27.018606
1573.000	1.000	27.020847
1574.000	1.000	27.022760
1575.000	1.000	27.022760
1576.000	1.000	27.004389
1577.000	1.000	27.004389
1578.000	1.000	27.002378
1579.000	1.000	27.001003
1580.000	1.000	26.997726
1581.000	1.000	26.997726
1582.000	1.000	27.001831
1583.000	1.000	27.007202
1584.000	1.000	27.014854
1585.000	1.000	27.014854
1586.000	1.000	27.014854
1587.000	1.000	27.008804
1588.000	1.000	27.036268
1589.000	1.000	27.034355
1590.000	1.000	27.034355
1591.000	1.000	27.037811
1592.000	1.000	27.037556
1593.000	1.000	27.037556
1594.000	1.000	27.036100
1595.000	1.000	27.039190
1596.000	1.000	27.032661
1597.000	1.000	27.032661
1598.000	1.000	27.032661
1599.000	1.000	27.035791
1600.000	1.000	27.000710
1601.000	1.000	27.003727
1602.000	1.000	27.003727
1603.000	1.000	27.003229
1604.000	1.000	27.006834
1605.000	1.000	27.009207
1606.000	1.000	27.009207
1607.000	1.000	27.008619
1608.000	1.000	27.013382
1609.000	1.000	27.013382
1610.000	1.000	27.013382
1611.000	1.000	27.005768
1612.000	1.000	27.017733
1613.000	1.000	27.013409
1614.000	1.000	27.013409
1615.000	1.000	27.018267
1616.000	1.000	27.024836
1617.000	1.000	27.026564
1618.000	1.000	27.026564
1619.000	1.000	27.025370
1620.000	1.000	27.029804
1621.000	1.000	27.029804
1622.000	1.000	27.037474
1623.000	1.000	27.037474
1624.000	1.000	27.039389
1625.000	1.000	27.047209
1626.000	1.000	27.051643
1627.000	1.000	27.051643
1628.000	1.000	27.053093
1629.000	1.000	27.047464
1630.000	1.000	27.047464
1631.000	1.000	27.049360
1632.000	1.000	27.049360
1633.000	1.000	27.044796
1634.000	1.000	27.047464
1635.000	1.000	27.047464
1636.000	1.000	27.066973
1637.000	1.000	27.062538
1638.000	1.000	27.065117
1639.000	1.000	27.065117
1640.000	1.000	27.067104
1641.000	1.000	27.066660
1642.000	1.000	27.072453
1643.000	1.000	27.072453
1644.000	1.000	27.072453
1645.000	1.000	27.074995
1646.000	1.000	27.076725
1647.000	1.000	27.076725
1648.000	1.000	27.110785
1649.000	1.000	27.116732
1650.000	1.000	27.122047
1651.000	1.000	27.122047
1652.000	1.000	27.118036
1653.000	1.000	27.122250
1654.000	1.000	27.127052
1655.000	1.000	27.127052
1656.000	1.000	27.127052
1657.000	1.000	27.127493
1658.000	1.000	27.125597
1659.000	1.000	27.101200
1660.000	1.000	27.101200
1661.000	1.000	27.104149
1662.000	1.000	27.105526
1663.000	1.000	27.107698
1664.000	1.000	27.107698
1665.000	1.000	27.111744
1666.000	1.000	27.108377
1667.000	1.000	27.108377
1668.000	1.000	27.112406
1669.000	1.000	27.112406
1670.000	1.000	27.111635
1671.000	1.000	27.112352
1672.000	1.000	27.112352
1673.000	1.000	27.095757
1674.000	1.000	27.103115
1675.000	1.000	27.104164
1676.000	1.000	27.104164
1677.000	1.000	27.107197
1678.000	1.000	27.103462
1679.000	1.000	27.103462
1680.000	1.000	27.100611
1681.000	1.000	27.100611
1682.000	1.000	27.100504
1683.000	1.000	27.104437
1684.000	1.000	27.125305
1685.000	1.000	27.125305
1686.000	1.000	27.126959
1687.000	1.000	27.125067
1688.000	1.000	27.127493
1689.000	1.000	27.127493
1690.000	1.000	27.135437
1691.000	1.000	27.135437
1692.000	1.000	27.137962
1693.000	1.000	27.137962
