TIME	INTERVALO	Nivel Tanque 2
0.000	0.000	-7.939314
0.000	1.000	-7.939314
1.000	1.000	-7.939314
2.000	1.000	-7.942515
3.000	1.000	-7.942515
4.000	1.000	-7.939314
5.000	1.000	-7.939314
6.000	1.000	-7.950511
7.000	1.000	-7.950511
8.000	1.000	-7.950511
9.000	1.000	-7.939314
10.000	1.000	-7.928576
11.000	1.000	-7.942515
12.000	1.000	-7.942515
13.000	1.000	-7.960797
14.000	1.000	-7.954396
15.000	1.000	-7.954396
16.000	1.000	-7.953942
17.000	1.000	-7.953942
18.000	1.000	-7.939314
19.000	1.000	-7.982050
20.000	1.000	-7.953030
21.000	1.000	-7.953030
22.000	1.000	-7.916914
23.000	1.000	-7.929488
24.000	1.000	-7.918514
25.000	1.000	-7.918514
26.000	1.000	-7.918514
27.000	1.000	-7.949370
28.000	1.000	-7.933372
29.000	1.000	-7.933372
30.000	1.000	-7.942515
31.000	1.000	-7.939314
32.000	1.000	-7.942515
33.000	1.000	-7.942515
34.000	1.000	-7.918973
35.000	1.000	-7.907317
36.000	1.000	-7.939314
37.000	1.000	-7.939314
38.000	1.000	-7.939314
39.000	1.000	-7.932689
40.000	1.000	-7.910294
41.000	1.000	-7.939314
42.000	1.000	-7.939314
43.000	1.000	-7.918514
44.000	1.000	-7.928112
45.000	1.000	-7.928112
46.000	1.000	-7.928112
47.000	1.000	-7.939314
48.000	1.000	-7.939314
49.000	1.000	-7.939314
50.000	1.000	-7.939314
51.000	1.000	-7.939085
52.000	1.000	-7.916914
53.000	1.000	-7.932689
54.000	1.000	-7.932689
55.000	1.000	-7.907317
56.000	1.000	-7.907317
57.000	1.000	-7.939314
58.000	1.000	-7.939314
59.000	1.000	-7.931771
60.000	1.000	-7.928576
61.000	1.000	-7.928576
62.000	1.000	-7.907317
63.000	1.000	-7.907317
64.000	1.000	-7.928112
65.000	1.000	-7.930171
66.000	1.000	-7.918514
67.000	1.000	-7.918514
68.000	1.000	-7.928112
69.000	1.000	-7.939314
70.000	1.000	-7.939314
71.000	1.000	-7.928112
72.000	1.000	-7.928112
73.000	1.000	-7.928112
74.000	1.000	-7.931771
75.000	1.000	-7.931771
76.000	1.000	-7.928112
77.000	1.000	-7.918514
78.000	1.000	-7.949370
79.000	1.000	-7.949370
80.000	1.000	-7.921721
81.000	1.000	-7.918514
82.000	1.000	-7.939314
83.000	1.000	-7.939314
84.000	1.000	-7.928112
85.000	1.000	-7.928112
86.000	1.000	-7.921721
87.000	1.000	-7.928112
88.000	1.000	-7.928112
89.000	1.000	-7.908917
90.000	1.000	-7.918514
91.000	1.000	-7.918514
92.000	1.000	-7.928112
93.000	1.000	-7.907317
94.000	1.000	-7.938632
95.000	1.000	-7.938632
96.000	1.000	-7.938632
97.000	1.000	-7.921721
98.000	1.000	-7.928112
99.000	1.000	-7.939314
100.000	1.000	-7.939314
101.000	1.000	-7.938632
102.000	1.000	-7.907317
103.000	1.000	-7.941833
104.000	1.000	-7.941833
105.000	1.000	-7.928112
106.000	1.000	-7.911659
107.000	1.000	-7.916914
108.000	1.000	-7.916914
109.000	1.000	-7.916914
110.000	1.000	-7.928112
111.000	1.000	-7.927428
112.000	1.000	-7.927428
113.000	1.000	-7.928112
114.000	1.000	-7.928112
115.000	1.000	-7.938632
116.000	1.000	-7.938632
117.000	1.000	-7.896802
118.000	1.000	-7.918973
119.000	1.000	-6.093202
120.000	1.000	-6.093202
121.000	1.000	-6.093202
122.000	1.000	-5.258592
123.000	1.000	-3.132750
124.000	1.000	-0.095746
125.000	1.000	-0.095746
126.000	1.000	2.521222
127.000	1.000	4.682934
128.000	1.000	4.682934
129.000	1.000	6.789352
130.000	1.000	8.518225
131.000	1.000	8.518225
132.000	1.000	10.893393
133.000	1.000	10.893393
134.000	1.000	12.648090
135.000	1.000	14.223836
136.000	1.000	15.204258
137.000	1.000	15.204258
138.000	1.000	15.855355
139.000	1.000	15.888495
140.000	1.000	15.266189
141.000	1.000	15.266189
142.000	1.000	15.140729
143.000	1.000	15.140729
144.000	1.000	15.164718
145.000	1.000	15.164718
146.000	1.000	14.991720
147.000	1.000	15.002005
148.000	1.000	15.091814
149.000	1.000	15.091814
150.000	1.000	15.164265
151.000	1.000	15.113073
152.000	1.000	15.137980
153.000	1.000	15.137980
154.000	1.000	14.940529
155.000	1.000	14.940529
156.000	1.000	14.995832
157.000	1.000	14.966125
158.000	1.000	14.966125
159.000	1.000	15.071479
160.000	1.000	15.209055
161.000	1.000	15.209055
162.000	1.000	15.214997
163.000	1.000	15.080394
164.000	1.000	14.940529
165.000	1.000	14.940529
166.000	1.000	14.940529
167.000	1.000	15.040858
168.000	1.000	14.990579
169.000	1.000	15.022799
170.000	1.000	15.022799
171.000	1.000	15.044742
172.000	1.000	15.288589
173.000	1.000	15.284247
174.000	1.000	15.284247
175.000	1.000	15.192143
176.000	1.000	14.909678
177.000	1.000	14.909678
178.000	1.000	14.909678
179.000	1.000	14.962011
180.000	1.000	15.004060
181.000	1.000	15.151237
182.000	1.000	15.151237
183.000	1.000	15.034686
184.000	1.000	15.013891
185.000	1.000	15.233968
186.000	1.000	15.233968
187.000	1.000	15.134551
188.000	1.000	14.832433
189.000	1.000	14.998345
190.000	1.000	14.998345
191.000	1.000	14.998345
192.000	1.000	15.273732
193.000	1.000	15.130444
194.000	1.000	15.130444
195.000	1.000	15.209285
196.000	1.000	14.974809
197.000	1.000	15.057087
198.000	1.000	15.057087
199.000	1.000	14.913792
200.000	1.000	14.951496
201.000	1.000	14.951496
202.000	1.000	15.138899
203.000	1.000	15.138899
204.000	1.000	15.310532
205.000	1.000	15.139811
206.000	1.000	15.032633
207.000	1.000	15.032633
208.000	1.000	15.031486
209.000	1.000	15.087249
210.000	1.000	15.087249
211.000	1.000	15.084736
212.000	1.000	14.897110
213.000	1.000	14.897110
214.000	1.000	15.299557
215.000	1.000	15.299557
216.000	1.000	15.158092
217.000	1.000	15.052962
218.000	1.000	14.873568
219.000	1.000	14.873568
220.000	1.000	14.757246
221.000	1.000	14.875850
222.000	1.000	15.097992
223.000	1.000	15.097992
224.000	1.000	15.050225
225.000	1.000	15.050225
226.000	1.000	15.259105
227.000	1.000	15.080847
228.000	1.000	15.080847
229.000	1.000	15.095933
230.000	1.000	14.948983
231.000	1.000	14.948983
232.000	1.000	15.084277
233.000	1.000	15.071249
234.000	1.000	15.076050
235.000	1.000	15.076050
236.000	1.000	15.076050
237.000	1.000	15.163353
238.000	1.000	15.316468
239.000	1.000	15.120840
240.000	1.000	15.120840
241.000	1.000	14.991032
242.000	1.000	14.991032
243.000	1.000	14.801348
244.000	1.000	14.801348
245.000	1.000	14.951725
246.000	1.000	15.000629
247.000	1.000	15.262306
248.000	1.000	15.262306
249.000	1.000	15.262306
250.000	1.000	15.228024
251.000	1.000	15.030338
252.000	1.000	15.030338
253.000	1.000	14.902364
254.000	1.000	14.682288
255.000	1.000	15.019139
256.000	1.000	15.019139
257.000	1.000	15.078564
258.000	1.000	14.958811
259.000	1.000	15.125412
260.000	1.000	15.125412
261.000	1.000	15.125412
262.000	1.000	14.984865
263.000	1.000	15.008861
264.000	1.000	14.934133
265.000	1.000	14.934133
266.000	1.000	15.004060
267.000	1.000	15.092508
268.000	1.000	15.092508
269.000	1.000	15.067589
270.000	1.000	14.991032
271.000	1.000	14.991032
272.000	1.000	15.080394
273.000	1.000	15.080394
274.000	1.000	15.278074
275.000	1.000	15.070790
276.000	1.000	15.079480
277.000	1.000	15.079480
278.000	1.000	14.934815
279.000	1.000	15.017539
280.000	1.000	14.984412
281.000	1.000	14.984412
282.000	1.000	14.960411
283.000	1.000	14.960411
284.000	1.000	15.095933
285.000	1.000	15.095933
286.000	1.000	15.174550
287.000	1.000	15.142558
288.000	1.000	15.098904
289.000	1.000	15.098904
290.000	1.000	14.991949
291.000	1.000	14.995832
292.000	1.000	14.895050
293.000	1.000	14.895050
294.000	1.000	14.948066
295.000	1.000	14.948066
296.000	1.000	15.098445
297.000	1.000	15.283106
298.000	1.000	15.283106
299.000	1.000	15.259105
300.000	1.000	15.104619
301.000	1.000	14.794497
302.000	1.000	14.794497
303.000	1.000	14.823977
304.000	1.000	15.023941
305.000	1.000	15.023941
306.000	1.000	15.023941
307.000	1.000	15.243112
308.000	1.000	15.479186
309.000	1.000	16.460293
310.000	1.000	16.460293
311.000	1.000	17.335585
312.000	1.000	18.444893
313.000	1.000	19.275166
314.000	1.000	19.275166
315.000	1.000	20.357054
316.000	1.000	21.448076
317.000	1.000	22.927851
318.000	1.000	22.927851
319.000	1.000	22.927851
320.000	1.000	23.496672
321.000	1.000	24.098183
322.000	1.000	25.043171
323.000	1.000	25.043171
324.000	1.000	25.798941
325.000	1.000	26.320686
326.000	1.000	26.320686
327.000	1.000	26.553110
328.000	1.000	26.553110
329.000	1.000	27.177465
330.000	1.000	27.177465
331.000	1.000	27.177465
332.000	1.000	27.317327
333.000	1.000	27.162842
334.000	1.000	27.244431
335.000	1.000	27.244431
336.000	1.000	27.314816
337.000	1.000	27.250597
338.000	1.000	27.155298
339.000	1.000	27.155298
340.000	1.000	27.358011
341.000	1.000	27.358011
342.000	1.000	27.387720
343.000	1.000	27.362123
344.000	1.000	27.362123
345.000	1.000	27.560034
346.000	1.000	27.429312
347.000	1.000	27.311850
348.000	1.000	27.311850
349.000	1.000	27.405088
350.000	1.000	27.145926
351.000	1.000	27.145926
352.000	1.000	27.332869
353.000	1.000	27.332869
354.000	1.000	27.217916
355.000	1.000	27.498106
356.000	1.000	27.498106
357.000	1.000	27.494217
358.000	1.000	27.449656
359.000	1.000	27.530098
360.000	1.000	27.530098
361.000	1.000	27.253569
362.000	1.000	27.421999
363.000	1.000	27.132446
364.000	1.000	27.132446
365.000	1.000	27.132446
366.000	1.000	27.336988
367.000	1.000	27.286478
368.000	1.000	27.286478
369.000	1.000	27.355951
370.000	1.000	27.344984
371.000	1.000	27.178383
372.000	1.000	27.178383
373.000	1.000	27.465878
374.000	1.000	27.323729
375.000	1.000	27.418344
376.000	1.000	27.418344
377.000	1.000	27.418344
378.000	1.000	27.425659
379.000	1.000	27.429543
380.000	1.000	27.336988
381.000	1.000	27.336988
382.000	1.000	27.078056
383.000	1.000	27.342930
384.000	1.000	27.293793
385.000	1.000	27.293793
386.000	1.000	27.376068
387.000	1.000	27.350468
388.000	1.000	27.350468
389.000	1.000	27.350468
390.000	1.000	27.262711
391.000	1.000	27.411943
392.000	1.000	27.488279
393.000	1.000	27.488279
394.000	1.000	27.368065
395.000	1.000	27.275509
396.000	1.000	27.254486
397.000	1.000	27.254486
398.000	1.000	27.365324
399.000	1.000	27.365324
400.000	1.000	27.196894
401.000	1.000	27.381096
402.000	1.000	27.381096
403.000	1.000	27.516157
404.000	1.000	27.342930
405.000	1.000	27.432056
406.000	1.000	27.432056
407.000	1.000	27.380407
408.000	1.000	27.356869
409.000	1.000	27.356869
410.000	1.000	27.282137
411.000	1.000	27.282137
412.000	1.000	27.177465
413.000	1.000	27.219517
414.000	1.000	27.219517
415.000	1.000	27.316874
416.000	1.000	27.278250
417.000	1.000	27.488279
418.000	1.000	27.488279
419.000	1.000	27.474791
420.000	1.000	27.314816
421.000	1.000	27.416056
422.000	1.000	27.416056
423.000	1.000	27.416056
424.000	1.000	27.377209
425.000	1.000	27.276192
426.000	1.000	27.276192
427.000	1.000	27.389549
428.000	1.000	27.376751
429.000	1.000	27.427023
430.000	1.000	27.427023
431.000	1.000	27.250597
432.000	1.000	27.271397
433.000	1.000	27.301794
434.000	1.000	27.301794
435.000	1.000	27.301794
436.000	1.000	27.455822
437.000	1.000	27.594774
438.000	1.000	27.450796
439.000	1.000	27.450796
440.000	1.000	27.425659
441.000	1.000	27.197351
442.000	1.000	27.336077
443.000	1.000	27.336077
444.000	1.000	27.523241
445.000	1.000	27.315733
446.000	1.000	27.315733
447.000	1.000	27.315733
448.000	1.000	27.281677
449.000	1.000	27.528494
450.000	1.000	27.227514
451.000	1.000	27.227514
452.000	1.000	27.272537
453.000	1.000	27.177010
454.000	1.000	27.337669
455.000	1.000	27.337669
456.000	1.000	25.953886
457.000	1.000	24.462236
458.000	1.000	24.462236
459.000	1.000	22.865227
460.000	1.000	22.865227
461.000	1.000	21.008146
462.000	1.000	19.445646
463.000	1.000	19.445646
464.000	1.000	17.590401
465.000	1.000	15.777198
466.000	1.000	14.476146
467.000	1.000	14.476146
468.000	1.000	12.260494
469.000	1.000	12.260494
470.000	1.000	10.738677
471.000	1.000	8.967522
472.000	1.000	8.967522
473.000	1.000	7.089187
474.000	1.000	5.010653
475.000	1.000	3.730401
476.000	1.000	3.730401
477.000	1.000	1.765907
478.000	1.000	0.040918
479.000	1.000	0.040918
480.000	1.000	-1.321606
481.000	1.000	-1.321606
482.000	1.000	-3.537951
483.000	1.000	-5.459015
484.000	1.000	-5.459015
485.000	1.000	-7.208229
486.000	1.000	-7.511035
487.000	1.000	-7.669412
488.000	1.000	-7.669412
489.000	1.000	-7.652042
490.000	1.000	-7.600392
491.000	1.000	-7.614795
492.000	1.000	-7.614795
493.000	1.000	-7.614795
494.000	1.000	-7.638561
495.000	1.000	-7.649758
496.000	1.000	-7.649758
497.000	1.000	-7.704152
498.000	1.000	-7.673065
499.000	1.000	-7.618450
500.000	1.000	-7.618450
501.000	1.000	-7.663015
502.000	1.000	-7.694554
503.000	1.000	-7.654790
504.000	1.000	-7.654790
505.000	1.000	-7.654790
506.000	1.000	-7.661644
507.000	1.000	-7.674442
508.000	1.000	-7.704152
509.000	1.000	-7.704152
510.000	1.000	-7.713295
511.000	1.000	-7.683357
512.000	1.000	-7.674442
513.000	1.000	-7.674442
514.000	1.000	-7.738661
515.000	1.000	-7.767682
516.000	1.000	-7.767682
517.000	1.000	-7.704152
518.000	1.000	-7.704152
519.000	1.000	-7.733177
520.000	1.000	-7.691577
521.000	1.000	-7.691577
522.000	1.000	-7.725175
523.000	1.000	-7.746434
524.000	1.000	-7.715349
525.000	1.000	-7.715349
526.000	1.000	-7.735460
527.000	1.000	-7.756255
528.000	1.000	-7.756255
529.000	1.000	-7.726093
530.000	1.000	-7.726093
531.000	1.000	-7.753972
532.000	1.000	-7.734772
533.000	1.000	-7.746434
534.000	1.000	-7.746434
535.000	1.000	-7.701868
536.000	1.000	-7.708717
537.000	1.000	-7.708717
538.000	1.000	-7.767682
539.000	1.000	-7.767682
540.000	1.000	-7.775913
541.000	1.000	-7.777743
542.000	1.000	-7.777743
543.000	1.000	-7.758767
544.000	1.000	-7.744151
545.000	1.000	-7.704152
546.000	1.000	-7.704152
547.000	1.000	-7.744151
548.000	1.000	-7.735460
549.000	1.000	-7.716720
550.000	1.000	-7.716720
551.000	1.000	-7.716720
552.000	1.000	-7.766770
553.000	1.000	-7.726093
554.000	1.000	-7.787570
555.000	1.000	-7.787570
556.000	1.000	-7.759685
557.000	1.000	-7.809735
558.000	1.000	-7.809735
559.000	1.000	-7.744604
560.000	1.000	-7.777743
561.000	1.000	-7.748487
562.000	1.000	-7.748487
563.000	1.000	-7.748487
564.000	1.000	-7.809276
565.000	1.000	-7.798991
566.000	1.000	-7.749170
567.000	1.000	-7.749170
568.000	1.000	-7.782080
569.000	1.000	-7.747570
570.000	1.000	-7.767682
571.000	1.000	-7.767682
572.000	1.000	-7.746434
573.000	1.000	-7.758767
574.000	1.000	-7.758767
575.000	1.000	-7.776372
576.000	1.000	-7.776372
577.000	1.000	-7.777743
578.000	1.000	-7.753972
579.000	1.000	-7.753972
580.000	1.000	-7.746434
581.000	1.000	-7.781162
582.000	1.000	-7.768829
583.000	1.000	-7.768829
584.000	1.000	-7.766770
585.000	1.000	-7.705981
586.000	1.000	-7.705981
587.000	1.000	-7.747799
588.000	1.000	-7.747799
589.000	1.000	-7.716720
590.000	1.000	-7.760597
591.000	1.000	-7.766770
592.000	1.000	-7.766770
593.000	1.000	-7.767682
594.000	1.000	-7.776372
595.000	1.000	-7.776372
596.000	1.000	-7.756255
597.000	1.000	-7.770430
598.000	1.000	-7.770430
599.000	1.000	-7.800138
600.000	1.000	-7.800138
601.000	1.000	-7.756255
602.000	1.000	-7.738661
603.000	1.000	-7.798991
604.000	1.000	-7.798991
605.000	1.000	-7.776372
606.000	1.000	-7.745516
607.000	1.000	-7.727229
608.000	1.000	-7.727229
609.000	1.000	-7.727229
610.000	1.000	-7.735919
611.000	1.000	-7.745516
612.000	1.000	-7.724263
613.000	1.000	-7.724263
614.000	1.000	-7.811336
615.000	1.000	-7.780026
616.000	1.000	-7.780026
617.000	1.000	-7.800138
618.000	1.000	-7.735460
619.000	1.000	-7.779338
620.000	1.000	-7.779338
621.000	1.000	-7.779338
622.000	1.000	-7.789393
623.000	1.000	-7.728147
624.000	1.000	-7.750318
625.000	1.000	-7.750318
626.000	1.000	-7.757402
627.000	1.000	-7.756255
628.000	1.000	-7.767682
629.000	1.000	-7.767682
630.000	1.000	-7.764481
631.000	1.000	-7.713295
632.000	1.000	-7.800138
633.000	1.000	-7.800138
634.000	1.000	-7.800138
635.000	1.000	-7.803334
636.000	1.000	-7.755802
637.000	1.000	-7.807446
638.000	1.000	-7.807446
639.000	1.000	-7.748487
640.000	1.000	-7.768600
641.000	1.000	-7.768600
642.000	1.000	-7.745516
643.000	1.000	-7.776372
644.000	1.000	-7.776372
645.000	1.000	-7.770430
646.000	1.000	-7.770430
647.000	1.000	-7.765398
648.000	1.000	-7.779338
649.000	1.000	-7.777508
650.000	1.000	-7.777508
651.000	1.000	-7.748717
652.000	1.000	-7.725175
653.000	1.000	-7.743234
654.000	1.000	-7.743234
655.000	1.000	-7.735460
656.000	1.000	-7.735460
657.000	1.000	-7.820014
658.000	1.000	-7.820014
659.000	1.000	-7.787570
660.000	1.000	-7.789393
661.000	1.000	-7.725175
662.000	1.000	-7.725175
663.000	1.000	-7.777743
664.000	1.000	-7.787570
665.000	1.000	-7.745516
666.000	1.000	-7.745516
667.000	1.000	-7.787570
668.000	1.000	-7.787570
669.000	1.000	-7.785287
670.000	1.000	-7.818191
671.000	1.000	-7.818191
672.000	1.000	-7.756255
673.000	1.000	-7.786422
674.000	1.000	-7.777743
675.000	1.000	-7.777743
676.000	1.000	-7.777743
677.000	1.000	-7.753972
678.000	1.000	-7.753972
679.000	1.000	-7.753972
680.000	1.000	-7.780026
681.000	1.000	-7.755802
682.000	1.000	-7.766770
683.000	1.000	-7.766770
684.000	1.000	-7.734089
685.000	1.000	-7.743234
686.000	1.000	-7.766770
687.000	1.000	-7.766770
688.000	1.000	-7.776372
689.000	1.000	-7.797620
690.000	1.000	-7.798991
691.000	1.000	-7.798991
692.000	1.000	-7.798991
693.000	1.000	-7.746434
694.000	1.000	-7.779797
695.000	1.000	-7.779797
696.000	1.000	-7.781162
697.000	1.000	-7.797620
698.000	1.000	-7.766770
699.000	1.000	-7.766770
700.000	1.000	-7.756255
701.000	1.000	-7.755802
702.000	1.000	-7.766770
703.000	1.000	-7.766770
704.000	1.000	-7.766770
705.000	1.000	-7.776372
706.000	1.000	-7.797620
707.000	1.000	-7.779338
708.000	1.000	-7.779338
709.000	1.000	-7.763115
710.000	1.000	-7.753972
711.000	1.000	-7.809276
712.000	1.000	-7.809276
713.000	1.000	-7.767682
714.000	1.000	-7.767682
715.000	1.000	-7.765398
716.000	1.000	-7.765398
717.000	1.000	-7.812700
718.000	1.000	-7.755802
719.000	1.000	-7.840132
720.000	1.000	-7.840132
721.000	1.000	-7.758767
722.000	1.000	-7.764481
723.000	1.000	-7.781162
724.000	1.000	-7.781162
725.000	1.000	-7.784592
726.000	1.000	-7.784592
727.000	1.000	-7.789393
728.000	1.000	-7.786422
729.000	1.000	-7.786422
730.000	1.000	-7.734089
731.000	1.000	-7.766770
732.000	1.000	-7.759232
733.000	1.000	-7.759232
734.000	1.000	-7.797620
735.000	1.000	-7.776372
736.000	1.000	-7.776372
737.000	1.000	-7.785287
738.000	1.000	-7.785287
739.000	1.000	-7.812700
740.000	1.000	-7.797620
741.000	1.000	-7.797620
742.000	1.000	-7.787570
743.000	1.000	-7.777743
744.000	1.000	-7.768600
745.000	1.000	-7.768600
746.000	1.000	-7.809735
747.000	1.000	-7.735007
748.000	1.000	-7.787570
749.000	1.000	-7.787570
750.000	1.000	-7.787570
751.000	1.000	-7.743234
752.000	1.000	-7.767682
753.000	1.000	-7.767682
754.000	1.000	-7.753972
755.000	1.000	-7.749400
756.000	1.000	-7.755802
757.000	1.000	-7.755802
758.000	1.000	-7.756255
759.000	1.000	-7.735460
760.000	1.000	-7.765398
761.000	1.000	-7.765398
762.000	1.000	-7.765398
763.000	1.000	-7.735460
764.000	1.000	-7.757402
765.000	1.000	-7.764481
766.000	1.000	-7.764481
767.000	1.000	-7.779338
768.000	1.000	-7.744151
769.000	1.000	-7.744151
770.000	1.000	-7.787570
771.000	1.000	-7.801050
772.000	1.000	-7.809276
773.000	1.000	-7.809276
774.000	1.000	-7.809276
775.000	1.000	-7.781162
776.000	1.000	-7.779109
777.000	1.000	-7.766770
778.000	1.000	-7.766770
779.000	1.000	-7.764481
780.000	1.000	-7.746434
781.000	1.000	-7.787570
782.000	1.000	-7.787570
783.000	1.000	-7.756255
784.000	1.000	-7.756255
785.000	1.000	-7.790306
786.000	1.000	-7.790306
787.000	1.000	-7.746434
788.000	1.000	-7.777743
789.000	1.000	-7.702551
790.000	1.000	-7.702551
791.000	1.000	-7.786422
792.000	1.000	-7.777743
793.000	1.000	-7.759232
794.000	1.000	-7.759232
795.000	1.000	-7.734089
796.000	1.000	-7.734089
797.000	1.000	-7.776372
798.000	1.000	-7.755802
799.000	1.000	-7.755802
800.000	1.000	-7.738661
801.000	1.000	-7.775913
802.000	1.000	-7.764481
803.000	1.000	-7.764481
804.000	1.000	-7.765398
805.000	1.000	-7.777743
806.000	1.000	-7.777743
807.000	1.000	-7.767682
808.000	1.000	-7.767682
809.000	1.000	-7.766770
810.000	1.000	-7.820014
811.000	1.000	-7.820014
812.000	1.000	-7.775913
813.000	1.000	-7.797620
814.000	1.000	-7.729293
815.000	1.000	-7.729293
816.000	1.000	-7.733177
817.000	1.000	-7.766770
818.000	1.000	-7.745516
819.000	1.000	-7.745516
820.000	1.000	-7.745516
821.000	1.000	-7.755802
822.000	1.000	-7.766770
823.000	1.000	-7.765398
824.000	1.000	-7.765398
825.000	1.000	-7.811336
826.000	1.000	-7.768141
827.000	1.000	-7.768141
828.000	1.000	-7.809735
829.000	1.000	-7.745516
830.000	1.000	-7.744151
831.000	1.000	-7.744151
832.000	1.000	-7.744151
833.000	1.000	-7.819108
834.000	1.000	-7.766770
835.000	1.000	-7.776372
836.000	1.000	-7.776372
837.000	1.000	-7.797620
838.000	1.000	-7.799902
839.000	1.000	-7.702551
840.000	1.000	-7.702551
841.000	1.000	-7.773848
842.000	1.000	-7.766770
843.000	1.000	-7.766770
844.000	1.000	-7.768141
845.000	1.000	-7.768141
846.000	1.000	-7.746658
847.000	1.000	-7.766770
848.000	1.000	-7.766770
849.000	1.000	-7.756255
850.000	1.000	-7.809276
851.000	1.000	-7.755802
852.000	1.000	-7.755802
853.000	1.000	-7.755802
854.000	1.000	-7.738661
855.000	1.000	-7.779109
856.000	1.000	-7.809276
857.000	1.000	-7.809276
858.000	1.000	-7.776372
859.000	1.000	-7.776372
860.000	1.000	-7.757402
861.000	1.000	-7.757402
862.000	1.000	-7.787570
863.000	1.000	-7.766770
864.000	1.000	-7.787570
865.000	1.000	-7.787570
866.000	1.000	-7.787570
867.000	1.000	-7.779109
868.000	1.000	-7.809276
869.000	1.000	-7.809276
870.000	1.000	-7.769741
871.000	1.000	-7.769741
872.000	1.000	-7.767682
873.000	1.000	-7.767682
874.000	1.000	-7.744151
875.000	1.000	-7.756255
876.000	1.000	-7.776372
877.000	1.000	-7.776372
878.000	1.000	-7.776372
879.000	1.000	-7.792366
880.000	1.000	-7.766770
881.000	1.000	-7.776372
882.000	1.000	-7.776372
883.000	1.000	-7.776372
884.000	1.000	-7.775913
885.000	1.000	-7.764481
886.000	1.000	-7.764481
887.000	1.000	-7.733177
888.000	1.000	-7.765398
889.000	1.000	-7.765398
890.000	1.000	-7.765398
891.000	1.000	-7.753518
892.000	1.000	-7.786422
893.000	1.000	-7.765398
894.000	1.000	-7.765398
895.000	1.000	-7.809276
896.000	1.000	-7.765398
897.000	1.000	-7.745516
898.000	1.000	-7.745516
899.000	1.000	-7.786422
900.000	1.000	-7.775913
901.000	1.000	-7.775913
902.000	1.000	-7.775913
903.000	1.000	-7.777508
904.000	1.000	-7.745516
905.000	1.000	-7.779109
906.000	1.000	-7.779109
907.000	1.000	-7.796020
908.000	1.000	-7.782080
909.000	1.000	-7.769741
910.000	1.000	-7.769741
911.000	1.000	-7.779109
912.000	1.000	-7.743234
913.000	1.000	-7.743234
914.000	1.000	-7.776372
915.000	1.000	-7.776372
916.000	1.000	-7.785287
917.000	1.000	-7.744151
918.000	1.000	-7.769741
919.000	1.000	-7.769741
920.000	1.000	-7.777743
921.000	1.000	-7.776372
922.000	1.000	-7.743234
923.000	1.000	-7.743234
924.000	1.000	-7.743234
925.000	1.000	-7.797620
926.000	1.000	-7.788023
927.000	1.000	-7.788023
928.000	1.000	-7.797620
929.000	1.000	-7.763115
930.000	1.000	-7.756255
931.000	1.000	-7.756255
932.000	1.000	-7.819108
933.000	1.000	-7.768600
934.000	1.000	-7.777743
935.000	1.000	-7.777743
936.000	1.000	-7.777743
937.000	1.000	-7.776372
938.000	1.000	-7.796249
939.000	1.000	-7.776372
