TIME	INTERVALO	Supervisão SP TQ2
0.000	0.000	30.000000
0.000	1.000	30.000000
1.000	1.000	30.000000
2.000	1.000	30.000000
3.000	1.000	30.000000
4.000	1.000	30.000000
5.000	1.000	30.000000
6.000	1.000	30.000000
7.000	1.000	30.000000
8.000	1.000	30.000000
9.000	1.000	30.000000
10.000	1.000	30.000000
11.000	1.000	30.000000
12.000	1.000	30.000000
13.000	1.000	30.000000
14.000	1.000	30.000000
15.000	1.000	30.000000
16.000	1.000	30.000000
17.000	1.000	30.000000
18.000	1.000	30.000000
19.000	1.000	30.000000
20.000	1.000	30.000000
21.000	1.000	30.000000
22.000	1.000	30.000000
23.000	1.000	30.000000
24.000	1.000	30.000000
25.000	1.000	30.000000
26.000	1.000	30.000000
27.000	1.000	30.000000
28.000	1.000	30.000000
29.000	1.000	30.000000
30.000	1.000	30.000000
31.000	1.000	30.000000
32.000	1.000	30.000000
33.000	1.000	30.000000
34.000	1.000	30.000000
35.000	1.000	30.000000
36.000	1.000	30.000000
37.000	1.000	30.000000
38.000	1.000	30.000000
39.000	1.000	30.000000
40.000	1.000	30.000000
41.000	1.000	30.000000
42.000	1.000	30.000000
43.000	1.000	30.000000
44.000	1.000	30.000000
45.000	1.000	30.000000
46.000	1.000	30.000000
47.000	1.000	30.000000
48.000	1.000	30.000000
49.000	1.000	30.000000
50.000	1.000	30.000000
51.000	1.000	30.000000
52.000	1.000	30.000000
53.000	1.000	30.000000
54.000	1.000	30.000000
55.000	1.000	30.000000
56.000	1.000	30.000000
57.000	1.000	30.000000
58.000	1.000	30.000000
59.000	1.000	30.000000
60.000	1.000	30.000000
61.000	1.000	30.000000
62.000	1.000	30.000000
63.000	1.000	30.000000
64.000	1.000	30.000000
65.000	1.000	30.000000
66.000	1.000	30.000000
67.000	1.000	30.000000
68.000	1.000	30.000000
69.000	1.000	30.000000
70.000	1.000	30.000000
71.000	1.000	30.000000
72.000	1.000	30.000000
73.000	1.000	30.000000
74.000	1.000	30.000000
75.000	1.000	30.000000
76.000	1.000	30.000000
77.000	1.000	30.000000
78.000	1.000	30.000000
79.000	1.000	30.000000
80.000	1.000	30.000000
81.000	1.000	30.000000
82.000	1.000	30.000000
83.000	1.000	30.000000
84.000	1.000	30.000000
85.000	1.000	30.000000
86.000	1.000	30.000000
87.000	1.000	30.000000
88.000	1.000	30.000000
89.000	1.000	30.000000
90.000	1.000	30.000000
91.000	1.000	30.000000
92.000	1.000	30.000000
93.000	1.000	30.000000
94.000	1.000	30.000000
95.000	1.000	30.000000
96.000	1.000	30.000000
97.000	1.000	30.000000
98.000	1.000	30.000000
99.000	1.000	30.000000
100.000	1.000	30.000000
101.000	1.000	30.000000
102.000	1.000	30.000000
103.000	1.000	30.000000
104.000	1.000	30.000000
105.000	1.000	30.000000
106.000	1.000	30.000000
107.000	1.000	30.000000
108.000	1.000	30.000000
109.000	1.000	30.000000
110.000	1.000	30.000000
111.000	1.000	30.000000
112.000	1.000	30.000000
113.000	1.000	30.000000
114.000	1.000	30.000000
115.000	1.000	30.000000
116.000	1.000	30.000000
117.000	1.000	30.000000
118.000	1.000	30.000000
119.000	1.000	30.000000
120.000	1.000	30.000000
121.000	1.000	30.000000
122.000	1.000	30.000000
123.000	1.000	30.000000
124.000	1.000	30.000000
125.000	1.000	30.000000
126.000	1.000	30.000000
127.000	1.000	30.000000
128.000	1.000	30.000000
129.000	1.000	30.000000
130.000	1.000	30.000000
131.000	1.000	30.000000
132.000	1.000	30.000000
133.000	1.000	30.000000
134.000	1.000	30.000000
135.000	1.000	30.000000
136.000	1.000	30.000000
137.000	1.000	30.000000
138.000	1.000	30.000000
139.000	1.000	30.000000
140.000	1.000	30.000000
141.000	1.000	30.000000
142.000	1.000	30.000000
143.000	1.000	30.000000
144.000	1.000	30.000000
145.000	1.000	30.000000
146.000	1.000	30.000000
147.000	1.000	30.000000
148.000	1.000	30.000000
149.000	1.000	30.000000
150.000	1.000	30.000000
151.000	1.000	30.000000
152.000	1.000	30.000000
153.000	1.000	30.000000
154.000	1.000	30.000000
155.000	1.000	30.000000
156.000	1.000	30.000000
157.000	1.000	30.000000
158.000	1.000	30.000000
159.000	1.000	30.000000
160.000	1.000	30.000000
161.000	1.000	30.000000
162.000	1.000	30.000000
163.000	1.000	30.000000
164.000	1.000	30.000000
165.000	1.000	30.000000
166.000	1.000	30.000000
167.000	1.000	30.000000
168.000	1.000	30.000000
169.000	1.000	30.000000
170.000	1.000	30.000000
171.000	1.000	30.000000
172.000	1.000	30.000000
173.000	1.000	30.000000
174.000	1.000	30.000000
175.000	1.000	30.000000
176.000	1.000	30.000000
177.000	1.000	30.000000
178.000	1.000	30.000000
179.000	1.000	30.000000
180.000	1.000	30.000000
181.000	1.000	30.000000
182.000	1.000	30.000000
183.000	1.000	30.000000
184.000	1.000	30.000000
185.000	1.000	30.000000
186.000	1.000	30.000000
187.000	1.000	30.000000
188.000	1.000	30.000000
189.000	1.000	30.000000
190.000	1.000	30.000000
191.000	1.000	30.000000
192.000	1.000	30.000000
193.000	1.000	30.000000
194.000	1.000	30.000000
195.000	1.000	30.000000
196.000	1.000	30.000000
197.000	1.000	30.000000
198.000	1.000	30.000000
199.000	1.000	30.000000
200.000	1.000	30.000000
201.000	1.000	30.000000
202.000	1.000	30.000000
203.000	1.000	30.000000
204.000	1.000	30.000000
205.000	1.000	30.000000
206.000	1.000	30.000000
207.000	1.000	30.000000
208.000	1.000	30.000000
209.000	1.000	30.000000
210.000	1.000	30.000000
211.000	1.000	30.000000
212.000	1.000	30.000000
213.000	1.000	30.000000
214.000	1.000	30.000000
215.000	1.000	30.000000
216.000	1.000	30.000000
217.000	1.000	30.000000
218.000	1.000	30.000000
219.000	1.000	30.000000
220.000	1.000	30.000000
221.000	1.000	30.000000
222.000	1.000	30.000000
223.000	1.000	30.000000
224.000	1.000	30.000000
225.000	1.000	30.000000
226.000	1.000	30.000000
227.000	1.000	30.000000
228.000	1.000	30.000000
229.000	1.000	30.000000
230.000	1.000	30.000000
231.000	1.000	30.000000
232.000	1.000	30.000000
233.000	1.000	30.000000
234.000	1.000	30.000000
235.000	1.000	30.000000
236.000	1.000	30.000000
237.000	1.000	30.000000
238.000	1.000	30.000000
239.000	1.000	30.000000
240.000	1.000	30.000000
241.000	1.000	30.000000
242.000	1.000	30.000000
243.000	1.000	30.000000
244.000	1.000	30.000000
245.000	1.000	30.000000
246.000	1.000	30.000000
247.000	1.000	30.000000
248.000	1.000	30.000000
249.000	1.000	30.000000
250.000	1.000	30.000000
251.000	1.000	30.000000
252.000	1.000	30.000000
253.000	1.000	30.000000
254.000	1.000	30.000000
255.000	1.000	30.000000
256.000	1.000	30.000000
257.000	1.000	30.000000
258.000	1.000	30.000000
259.000	1.000	30.000000
260.000	1.000	30.000000
261.000	1.000	30.000000
262.000	1.000	30.000000
263.000	1.000	30.000000
264.000	1.000	30.000000
265.000	1.000	30.000000
266.000	1.000	30.000000
267.000	1.000	30.000000
268.000	1.000	30.000000
269.000	1.000	30.000000
270.000	1.000	30.000000
271.000	1.000	30.000000
272.000	1.000	30.000000
273.000	1.000	30.000000
274.000	1.000	30.000000
275.000	1.000	30.000000
276.000	1.000	30.000000
277.000	1.000	30.000000
278.000	1.000	30.000000
279.000	1.000	30.000000
280.000	1.000	30.000000
281.000	1.000	30.000000
282.000	1.000	30.000000
283.000	1.000	30.000000
284.000	1.000	30.000000
285.000	1.000	30.000000
286.000	1.000	30.000000
287.000	1.000	30.000000
288.000	1.000	30.000000
289.000	1.000	30.000000
290.000	1.000	30.000000
291.000	1.000	30.000000
292.000	1.000	30.000000
293.000	1.000	30.000000
294.000	1.000	30.000000
295.000	1.000	30.000000
296.000	1.000	30.000000
297.000	1.000	30.000000
298.000	1.000	30.000000
299.000	1.000	30.000000
300.000	1.000	30.000000
301.000	1.000	30.000000
302.000	1.000	30.000000
303.000	1.000	30.000000
304.000	1.000	30.000000
305.000	1.000	30.000000
306.000	1.000	30.000000
307.000	1.000	30.000000
308.000	1.000	30.000000
309.000	1.000	30.000000
310.000	1.000	30.000000
311.000	1.000	30.000000
312.000	1.000	30.000000
313.000	1.000	30.000000
314.000	1.000	30.000000
315.000	1.000	30.000000
316.000	1.000	30.000000
317.000	1.000	30.000000
318.000	1.000	30.000000
319.000	1.000	30.000000
320.000	1.000	30.000000
321.000	1.000	30.000000
322.000	1.000	30.000000
323.000	1.000	30.000000
324.000	1.000	30.000000
325.000	1.000	30.000000
326.000	1.000	30.000000
327.000	1.000	30.000000
328.000	1.000	30.000000
329.000	1.000	30.000000
330.000	1.000	30.000000
331.000	1.000	30.000000
332.000	1.000	30.000000
333.000	1.000	30.000000
334.000	1.000	30.000000
335.000	1.000	30.000000
336.000	1.000	30.000000
337.000	1.000	30.000000
338.000	1.000	30.000000
339.000	1.000	30.000000
340.000	1.000	30.000000
341.000	1.000	30.000000
342.000	1.000	30.000000
343.000	1.000	30.000000
344.000	1.000	30.000000
345.000	1.000	30.000000
346.000	1.000	30.000000
347.000	1.000	30.000000
348.000	1.000	30.000000
349.000	1.000	30.000000
350.000	1.000	30.000000
351.000	1.000	30.000000
352.000	1.000	30.000000
353.000	1.000	30.000000
354.000	1.000	30.000000
355.000	1.000	30.000000
356.000	1.000	30.000000
357.000	1.000	30.000000
358.000	1.000	30.000000
359.000	1.000	30.000000
360.000	1.000	30.000000
361.000	1.000	30.000000
362.000	1.000	30.000000
363.000	1.000	30.000000
364.000	1.000	30.000000
365.000	1.000	30.000000
366.000	1.000	30.000000
367.000	1.000	30.000000
368.000	1.000	30.000000
369.000	1.000	30.000000
370.000	1.000	30.000000
371.000	1.000	30.000000
372.000	1.000	30.000000
373.000	1.000	30.000000
374.000	1.000	30.000000
375.000	1.000	30.000000
376.000	1.000	30.000000
377.000	1.000	30.000000
378.000	1.000	30.000000
379.000	1.000	30.000000
380.000	1.000	30.000000
381.000	1.000	30.000000
382.000	1.000	30.000000
383.000	1.000	30.000000
384.000	1.000	30.000000
385.000	1.000	30.000000
386.000	1.000	30.000000
387.000	1.000	30.000000
388.000	1.000	30.000000
389.000	1.000	30.000000
390.000	1.000	30.000000
391.000	1.000	30.000000
392.000	1.000	30.000000
393.000	1.000	30.000000
394.000	1.000	30.000000
395.000	1.000	30.000000
396.000	1.000	30.000000
397.000	1.000	30.000000
398.000	1.000	30.000000
399.000	1.000	30.000000
400.000	1.000	30.000000
401.000	1.000	30.000000
402.000	1.000	30.000000
403.000	1.000	30.000000
404.000	1.000	30.000000
405.000	1.000	30.000000
406.000	1.000	30.000000
407.000	1.000	30.000000
408.000	1.000	30.000000
409.000	1.000	30.000000
410.000	1.000	30.000000
411.000	1.000	30.000000
412.000	1.000	30.000000
413.000	1.000	30.000000
414.000	1.000	30.000000
415.000	1.000	30.000000
416.000	1.000	30.000000
417.000	1.000	30.000000
418.000	1.000	30.000000
419.000	1.000	30.000000
420.000	1.000	30.000000
421.000	1.000	30.000000
422.000	1.000	30.000000
423.000	1.000	30.000000
424.000	1.000	30.000000
425.000	1.000	30.000000
426.000	1.000	30.000000
427.000	1.000	30.000000
428.000	1.000	30.000000
429.000	1.000	30.000000
430.000	1.000	30.000000
431.000	1.000	30.000000
432.000	1.000	30.000000
433.000	1.000	30.000000
434.000	1.000	30.000000
435.000	1.000	30.000000
436.000	1.000	30.000000
437.000	1.000	30.000000
438.000	1.000	30.000000
439.000	1.000	30.000000
440.000	1.000	30.000000
441.000	1.000	30.000000
442.000	1.000	30.000000
443.000	1.000	30.000000
444.000	1.000	30.000000
445.000	1.000	30.000000
446.000	1.000	30.000000
447.000	1.000	30.000000
448.000	1.000	30.000000
449.000	1.000	30.000000
450.000	1.000	30.000000
451.000	1.000	30.000000
452.000	1.000	30.000000
453.000	1.000	30.000000
454.000	1.000	30.000000
455.000	1.000	30.000000
456.000	1.000	30.000000
457.000	1.000	30.000000
458.000	1.000	30.000000
459.000	1.000	30.000000
460.000	1.000	30.000000
461.000	1.000	30.000000
462.000	1.000	30.000000
463.000	1.000	30.000000
464.000	1.000	30.000000
465.000	1.000	30.000000
466.000	1.000	30.000000
467.000	1.000	30.000000
468.000	1.000	30.000000
469.000	1.000	30.000000
470.000	1.000	30.000000
471.000	1.000	30.000000
472.000	1.000	30.000000
473.000	1.000	30.000000
474.000	1.000	30.000000
475.000	1.000	30.000000
476.000	1.000	30.000000
477.000	1.000	30.000000
478.000	1.000	30.000000
479.000	1.000	30.000000
480.000	1.000	30.000000
481.000	1.000	30.000000
482.000	1.000	30.000000
483.000	1.000	30.000000
484.000	1.000	30.000000
485.000	1.000	30.000000
486.000	1.000	30.000000
487.000	1.000	30.000000
488.000	1.000	30.000000
489.000	1.000	30.000000
490.000	1.000	30.000000
491.000	1.000	30.000000
492.000	1.000	30.000000
493.000	1.000	30.000000
494.000	1.000	30.000000
495.000	1.000	30.000000
496.000	1.000	30.000000
497.000	1.000	30.000000
498.000	1.000	30.000000
499.000	1.000	30.000000
500.000	1.000	30.000000
501.000	1.000	30.000000
502.000	1.000	30.000000
503.000	1.000	30.000000
504.000	1.000	30.000000
505.000	1.000	30.000000
506.000	1.000	30.000000
507.000	1.000	30.000000
508.000	1.000	30.000000
509.000	1.000	30.000000
510.000	1.000	30.000000
511.000	1.000	30.000000
512.000	1.000	30.000000
513.000	1.000	30.000000
514.000	1.000	30.000000
515.000	1.000	30.000000
516.000	1.000	30.000000
517.000	1.000	30.000000
518.000	1.000	30.000000
519.000	1.000	30.000000
520.000	1.000	30.000000
521.000	1.000	30.000000
522.000	1.000	30.000000
523.000	1.000	30.000000
524.000	1.000	30.000000
525.000	1.000	30.000000
526.000	1.000	30.000000
527.000	1.000	30.000000
528.000	1.000	30.000000
529.000	1.000	30.000000
530.000	1.000	30.000000
531.000	1.000	30.000000
532.000	1.000	30.000000
533.000	1.000	30.000000
534.000	1.000	30.000000
535.000	1.000	30.000000
536.000	1.000	30.000000
537.000	1.000	30.000000
538.000	1.000	30.000000
539.000	1.000	30.000000
540.000	1.000	30.000000
541.000	1.000	30.000000
542.000	1.000	30.000000
543.000	1.000	30.000000
544.000	1.000	30.000000
545.000	1.000	30.000000
546.000	1.000	30.000000
547.000	1.000	30.000000
548.000	1.000	30.000000
549.000	1.000	30.000000
550.000	1.000	30.000000
551.000	1.000	30.000000
552.000	1.000	30.000000
553.000	1.000	30.000000
554.000	1.000	30.000000
555.000	1.000	30.000000
556.000	1.000	30.000000
557.000	1.000	30.000000
558.000	1.000	30.000000
559.000	1.000	30.000000
560.000	1.000	30.000000
561.000	1.000	30.000000
562.000	1.000	30.000000
563.000	1.000	30.000000
564.000	1.000	30.000000
565.000	1.000	30.000000
566.000	1.000	30.000000
567.000	1.000	30.000000
568.000	1.000	30.000000
569.000	1.000	30.000000
570.000	1.000	30.000000
571.000	1.000	30.000000
572.000	1.000	30.000000
573.000	1.000	30.000000
574.000	1.000	30.000000
575.000	1.000	30.000000
576.000	1.000	30.000000
577.000	1.000	30.000000
578.000	1.000	30.000000
579.000	1.000	30.000000
580.000	1.000	30.000000
581.000	1.000	30.000000
582.000	1.000	30.000000
583.000	1.000	30.000000
584.000	1.000	30.000000
585.000	1.000	30.000000
586.000	1.000	30.000000
587.000	1.000	30.000000
588.000	1.000	30.000000
589.000	1.000	30.000000
590.000	1.000	30.000000
591.000	1.000	30.000000
592.000	1.000	30.000000
593.000	1.000	30.000000
594.000	1.000	30.000000
595.000	1.000	30.000000
596.000	1.000	30.000000
597.000	1.000	30.000000
598.000	1.000	30.000000
599.000	1.000	30.000000
600.000	1.000	30.000000
601.000	1.000	30.000000
602.000	1.000	30.000000
603.000	1.000	30.000000
604.000	1.000	30.000000
605.000	1.000	30.000000
606.000	1.000	30.000000
607.000	1.000	30.000000
608.000	1.000	30.000000
609.000	1.000	30.000000
610.000	1.000	30.000000
611.000	1.000	30.000000
612.000	1.000	30.000000
613.000	1.000	30.000000
614.000	1.000	30.000000
615.000	1.000	30.000000
616.000	1.000	30.000000
617.000	1.000	30.000000
618.000	1.000	30.000000
619.000	1.000	30.000000
620.000	1.000	30.000000
621.000	1.000	30.000000
622.000	1.000	30.000000
623.000	1.000	30.000000
624.000	1.000	30.000000
625.000	1.000	30.000000
626.000	1.000	30.000000
627.000	1.000	30.000000
628.000	1.000	30.000000
629.000	1.000	30.000000
630.000	1.000	30.000000
631.000	1.000	30.000000
632.000	1.000	30.000000
633.000	1.000	30.000000
634.000	1.000	30.000000
635.000	1.000	30.000000
636.000	1.000	30.000000
637.000	1.000	30.000000
638.000	1.000	30.000000
639.000	1.000	30.000000
640.000	1.000	30.000000
641.000	1.000	30.000000
642.000	1.000	30.000000
643.000	1.000	30.000000
644.000	1.000	30.000000
645.000	1.000	30.000000
646.000	1.000	30.000000
647.000	1.000	30.000000
648.000	1.000	30.000000
649.000	1.000	30.000000
650.000	1.000	30.000000
651.000	1.000	30.000000
652.000	1.000	30.000000
653.000	1.000	30.000000
654.000	1.000	30.000000
655.000	1.000	30.000000
656.000	1.000	30.000000
657.000	1.000	30.000000
658.000	1.000	30.000000
659.000	1.000	30.000000
660.000	1.000	30.000000
661.000	1.000	30.000000
662.000	1.000	30.000000
663.000	1.000	30.000000
664.000	1.000	30.000000
665.000	1.000	30.000000
666.000	1.000	30.000000
667.000	1.000	30.000000
668.000	1.000	30.000000
669.000	1.000	30.000000
670.000	1.000	30.000000
671.000	1.000	30.000000
672.000	1.000	30.000000
673.000	1.000	30.000000
674.000	1.000	30.000000
675.000	1.000	30.000000
676.000	1.000	30.000000
677.000	1.000	30.000000
678.000	1.000	30.000000
679.000	1.000	30.000000
680.000	1.000	30.000000
681.000	1.000	30.000000
682.000	1.000	30.000000
683.000	1.000	30.000000
684.000	1.000	30.000000
685.000	1.000	30.000000
686.000	1.000	30.000000
687.000	1.000	30.000000
688.000	1.000	30.000000
689.000	1.000	30.000000
690.000	1.000	30.000000
691.000	1.000	30.000000
692.000	1.000	30.000000
693.000	1.000	30.000000
694.000	1.000	30.000000
695.000	1.000	30.000000
696.000	1.000	30.000000
697.000	1.000	30.000000
698.000	1.000	30.000000
699.000	1.000	30.000000
700.000	1.000	30.000000
701.000	1.000	30.000000
702.000	1.000	30.000000
703.000	1.000	30.000000
704.000	1.000	30.000000
705.000	1.000	30.000000
706.000	1.000	30.000000
707.000	1.000	30.000000
708.000	1.000	30.000000
709.000	1.000	30.000000
710.000	1.000	30.000000
711.000	1.000	30.000000
712.000	1.000	30.000000
713.000	1.000	30.000000
714.000	1.000	30.000000
715.000	1.000	30.000000
716.000	1.000	30.000000
717.000	1.000	30.000000
718.000	1.000	30.000000
719.000	1.000	30.000000
720.000	1.000	30.000000
721.000	1.000	30.000000
722.000	1.000	30.000000
723.000	1.000	30.000000
724.000	1.000	30.000000
725.000	1.000	30.000000
726.000	1.000	30.000000
727.000	1.000	30.000000
728.000	1.000	30.000000
729.000	1.000	30.000000
730.000	1.000	30.000000
731.000	1.000	30.000000
732.000	1.000	30.000000
733.000	1.000	30.000000
734.000	1.000	30.000000
735.000	1.000	30.000000
736.000	1.000	30.000000
737.000	1.000	30.000000
738.000	1.000	30.000000
739.000	1.000	30.000000
740.000	1.000	30.000000
741.000	1.000	30.000000
742.000	1.000	30.000000
743.000	1.000	30.000000
744.000	1.000	30.000000
745.000	1.000	30.000000
746.000	1.000	30.000000
747.000	1.000	30.000000
748.000	1.000	30.000000
749.000	1.000	30.000000
750.000	1.000	30.000000
751.000	1.000	30.000000
752.000	1.000	30.000000
753.000	1.000	30.000000
754.000	1.000	30.000000
755.000	1.000	30.000000
756.000	1.000	30.000000
757.000	1.000	30.000000
758.000	1.000	30.000000
759.000	1.000	30.000000
760.000	1.000	30.000000
761.000	1.000	30.000000
762.000	1.000	30.000000
763.000	1.000	30.000000
764.000	1.000	30.000000
765.000	1.000	30.000000
766.000	1.000	30.000000
767.000	1.000	30.000000
768.000	1.000	30.000000
769.000	1.000	30.000000
770.000	1.000	30.000000
771.000	1.000	30.000000
772.000	1.000	30.000000
773.000	1.000	30.000000
774.000	1.000	30.000000
775.000	1.000	30.000000
776.000	1.000	30.000000
777.000	1.000	30.000000
778.000	1.000	30.000000
779.000	1.000	30.000000
780.000	1.000	30.000000
781.000	1.000	30.000000
782.000	1.000	30.000000
783.000	1.000	30.000000
784.000	1.000	30.000000
785.000	1.000	30.000000
786.000	1.000	30.000000
787.000	1.000	30.000000
788.000	1.000	30.000000
789.000	1.000	30.000000
790.000	1.000	30.000000
791.000	1.000	30.000000
792.000	1.000	30.000000
793.000	1.000	30.000000
794.000	1.000	30.000000
795.000	1.000	30.000000
796.000	1.000	30.000000
797.000	1.000	30.000000
798.000	1.000	30.000000
799.000	1.000	30.000000
800.000	1.000	30.000000
801.000	1.000	30.000000
802.000	1.000	30.000000
803.000	1.000	30.000000
804.000	1.000	30.000000
805.000	1.000	30.000000
806.000	1.000	30.000000
807.000	1.000	30.000000
808.000	1.000	30.000000
809.000	1.000	30.000000
810.000	1.000	30.000000
811.000	1.000	30.000000
812.000	1.000	30.000000
813.000	1.000	30.000000
814.000	1.000	30.000000
815.000	1.000	30.000000
816.000	1.000	30.000000
817.000	1.000	30.000000
818.000	1.000	30.000000
819.000	1.000	30.000000
820.000	1.000	30.000000
821.000	1.000	30.000000
822.000	1.000	30.000000
823.000	1.000	30.000000
824.000	1.000	30.000000
825.000	1.000	30.000000
826.000	1.000	30.000000
827.000	1.000	30.000000
828.000	1.000	30.000000
829.000	1.000	30.000000
830.000	1.000	30.000000
831.000	1.000	30.000000
832.000	1.000	30.000000
833.000	1.000	30.000000
834.000	1.000	30.000000
835.000	1.000	30.000000
836.000	1.000	30.000000
837.000	1.000	30.000000
838.000	1.000	30.000000
839.000	1.000	30.000000
840.000	1.000	30.000000
841.000	1.000	30.000000
842.000	1.000	30.000000
843.000	1.000	30.000000
844.000	1.000	30.000000
845.000	1.000	30.000000
846.000	1.000	30.000000
847.000	1.000	30.000000
848.000	1.000	30.000000
849.000	1.000	30.000000
850.000	1.000	30.000000
851.000	1.000	30.000000
852.000	1.000	30.000000
853.000	1.000	30.000000
854.000	1.000	30.000000
855.000	1.000	30.000000
856.000	1.000	30.000000
857.000	1.000	30.000000
858.000	1.000	30.000000
859.000	1.000	30.000000
860.000	1.000	30.000000
861.000	1.000	30.000000
862.000	1.000	30.000000
863.000	1.000	30.000000
864.000	1.000	30.000000
865.000	1.000	30.000000
866.000	1.000	30.000000
867.000	1.000	30.000000
868.000	1.000	30.000000
869.000	1.000	30.000000
870.000	1.000	30.000000
871.000	1.000	30.000000
872.000	1.000	30.000000
873.000	1.000	30.000000
874.000	1.000	30.000000
875.000	1.000	30.000000
876.000	1.000	30.000000
877.000	1.000	30.000000
878.000	1.000	30.000000
879.000	1.000	30.000000
880.000	1.000	30.000000
881.000	1.000	30.000000
882.000	1.000	30.000000
883.000	1.000	30.000000
884.000	1.000	30.000000
885.000	1.000	30.000000
886.000	1.000	30.000000
887.000	1.000	30.000000
888.000	1.000	30.000000
889.000	1.000	30.000000
890.000	1.000	30.000000
891.000	1.000	30.000000
892.000	1.000	30.000000
893.000	1.000	30.000000
894.000	1.000	30.000000
895.000	1.000	30.000000
896.000	1.000	30.000000
897.000	1.000	30.000000
898.000	1.000	30.000000
899.000	1.000	30.000000
900.000	1.000	30.000000
901.000	1.000	30.000000
902.000	1.000	30.000000
903.000	1.000	30.000000
904.000	1.000	30.000000
905.000	1.000	30.000000
906.000	1.000	30.000000
907.000	1.000	30.000000
908.000	1.000	30.000000
909.000	1.000	30.000000
910.000	1.000	30.000000
911.000	1.000	30.000000
912.000	1.000	30.000000
913.000	1.000	30.000000
914.000	1.000	30.000000
915.000	1.000	30.000000
916.000	1.000	30.000000
917.000	1.000	30.000000
918.000	1.000	30.000000
919.000	1.000	30.000000
920.000	1.000	30.000000
921.000	1.000	30.000000
922.000	1.000	30.000000
923.000	1.000	30.000000
924.000	1.000	30.000000
925.000	1.000	30.000000
926.000	1.000	30.000000
927.000	1.000	30.000000
928.000	1.000	30.000000
929.000	1.000	30.000000
930.000	1.000	30.000000
931.000	1.000	30.000000
932.000	1.000	30.000000
933.000	1.000	30.000000
934.000	1.000	30.000000
935.000	1.000	30.000000
936.000	1.000	30.000000
937.000	1.000	30.000000
938.000	1.000	30.000000
939.000	1.000	30.000000
940.000	1.000	30.000000
941.000	1.000	30.000000
942.000	1.000	30.000000
943.000	1.000	30.000000
944.000	1.000	30.000000
945.000	1.000	30.000000
946.000	1.000	30.000000
947.000	1.000	30.000000
948.000	1.000	30.000000
949.000	1.000	30.000000
950.000	1.000	30.000000
951.000	1.000	30.000000
952.000	1.000	30.000000
953.000	1.000	30.000000
954.000	1.000	30.000000
955.000	1.000	30.000000
956.000	1.000	30.000000
957.000	1.000	30.000000
958.000	1.000	30.000000
959.000	1.000	30.000000
960.000	1.000	30.000000
961.000	1.000	30.000000
962.000	1.000	30.000000
963.000	1.000	30.000000
964.000	1.000	30.000000
965.000	1.000	30.000000
966.000	1.000	30.000000
967.000	1.000	30.000000
968.000	1.000	30.000000
969.000	1.000	30.000000
970.000	1.000	30.000000
971.000	1.000	30.000000
972.000	1.000	30.000000
973.000	1.000	30.000000
974.000	1.000	30.000000
975.000	1.000	30.000000
976.000	1.000	30.000000
977.000	1.000	30.000000
978.000	1.000	30.000000
979.000	1.000	30.000000
980.000	1.000	30.000000
981.000	1.000	30.000000
982.000	1.000	30.000000
983.000	1.000	30.000000
984.000	1.000	30.000000
985.000	1.000	30.000000
986.000	1.000	30.000000
987.000	1.000	30.000000
988.000	1.000	30.000000
989.000	1.000	30.000000
990.000	1.000	30.000000
991.000	1.000	30.000000
992.000	1.000	30.000000
993.000	1.000	30.000000
994.000	1.000	30.000000
995.000	1.000	30.000000
996.000	1.000	30.000000
997.000	1.000	30.000000
998.000	1.000	30.000000
999.000	1.000	30.000000
1000.000	1.000	30.000000
1001.000	1.000	30.000000
1002.000	1.000	30.000000
1003.000	1.000	30.000000
1004.000	1.000	30.000000
1005.000	1.000	30.000000
1006.000	1.000	30.000000
1007.000	1.000	30.000000
1008.000	1.000	30.000000
1009.000	1.000	30.000000
1010.000	1.000	30.000000
1011.000	1.000	30.000000
1012.000	1.000	30.000000
1013.000	1.000	30.000000
1014.000	1.000	30.000000
1015.000	1.000	30.000000
1016.000	1.000	30.000000
1017.000	1.000	30.000000
1018.000	1.000	30.000000
1019.000	1.000	30.000000
1020.000	1.000	30.000000
1021.000	1.000	30.000000
1022.000	1.000	30.000000
1023.000	1.000	30.000000
1024.000	1.000	30.000000
1025.000	1.000	30.000000
1026.000	1.000	30.000000
1027.000	1.000	30.000000
1028.000	1.000	30.000000
1029.000	1.000	30.000000
1030.000	1.000	30.000000
1031.000	1.000	30.000000
1032.000	1.000	30.000000
1033.000	1.000	30.000000
1034.000	1.000	30.000000
1035.000	1.000	30.000000
1036.000	1.000	30.000000
1037.000	1.000	30.000000
1038.000	1.000	30.000000
1039.000	1.000	30.000000
1040.000	1.000	30.000000
1041.000	1.000	30.000000
1042.000	1.000	30.000000
1043.000	1.000	30.000000
1044.000	1.000	30.000000
1045.000	1.000	30.000000
1046.000	1.000	30.000000
1047.000	1.000	30.000000
1048.000	1.000	30.000000
1049.000	1.000	30.000000
1050.000	1.000	30.000000
1051.000	1.000	30.000000
1052.000	1.000	30.000000
1053.000	1.000	30.000000
1054.000	1.000	30.000000
1055.000	1.000	30.000000
1056.000	1.000	30.000000
1057.000	1.000	30.000000
1058.000	1.000	30.000000
1059.000	1.000	30.000000
1060.000	1.000	30.000000
1061.000	1.000	30.000000
1062.000	1.000	30.000000
1063.000	1.000	30.000000
1064.000	1.000	30.000000
1065.000	1.000	30.000000
1066.000	1.000	30.000000
1067.000	1.000	30.000000
1068.000	1.000	30.000000
1069.000	1.000	30.000000
1070.000	1.000	30.000000
1071.000	1.000	30.000000
1072.000	1.000	30.000000
1073.000	1.000	30.000000
1074.000	1.000	30.000000
1075.000	1.000	30.000000
1076.000	1.000	30.000000
1077.000	1.000	30.000000
1078.000	1.000	30.000000
1079.000	1.000	30.000000
1080.000	1.000	30.000000
1081.000	1.000	30.000000
1082.000	1.000	30.000000
1083.000	1.000	30.000000
1084.000	1.000	30.000000
1085.000	1.000	30.000000
1086.000	1.000	30.000000
1087.000	1.000	30.000000
1088.000	1.000	30.000000
1089.000	1.000	30.000000
1090.000	1.000	30.000000
1091.000	1.000	30.000000
1092.000	1.000	30.000000
1093.000	1.000	30.000000
1094.000	1.000	30.000000
1095.000	1.000	30.000000
1096.000	1.000	30.000000
1097.000	1.000	30.000000
1098.000	1.000	30.000000
1099.000	1.000	30.000000
1100.000	1.000	30.000000
1101.000	1.000	30.000000
1102.000	1.000	30.000000
1103.000	1.000	30.000000
1104.000	1.000	30.000000
1105.000	1.000	30.000000
1106.000	1.000	30.000000
1107.000	1.000	30.000000
1108.000	1.000	30.000000
1109.000	1.000	30.000000
1110.000	1.000	30.000000
1111.000	1.000	30.000000
1112.000	1.000	30.000000
1113.000	1.000	30.000000
1114.000	1.000	30.000000
1115.000	1.000	30.000000
1116.000	1.000	30.000000
1117.000	1.000	30.000000
1118.000	1.000	30.000000
1119.000	1.000	30.000000
1120.000	1.000	30.000000
1121.000	1.000	30.000000
1122.000	1.000	30.000000
1123.000	1.000	30.000000
1124.000	1.000	30.000000
1125.000	1.000	30.000000
1126.000	1.000	30.000000
1127.000	1.000	30.000000
1128.000	1.000	30.000000
1129.000	1.000	30.000000
1130.000	1.000	30.000000
1131.000	1.000	30.000000
1132.000	1.000	30.000000
1133.000	1.000	30.000000
1134.000	1.000	30.000000
1135.000	1.000	30.000000
1136.000	1.000	30.000000
1137.000	1.000	30.000000
1138.000	1.000	30.000000
1139.000	1.000	30.000000
1140.000	1.000	30.000000
1141.000	1.000	30.000000
1142.000	1.000	30.000000
1143.000	1.000	30.000000
1144.000	1.000	30.000000
1145.000	1.000	30.000000
1146.000	1.000	30.000000
1147.000	1.000	30.000000
1148.000	1.000	30.000000
1149.000	1.000	30.000000
1150.000	1.000	30.000000
1151.000	1.000	30.000000
1152.000	1.000	30.000000
1153.000	1.000	30.000000
1154.000	1.000	30.000000
1155.000	1.000	30.000000
1156.000	1.000	30.000000
1157.000	1.000	30.000000
1158.000	1.000	30.000000
1159.000	1.000	30.000000
1160.000	1.000	30.000000
1161.000	1.000	30.000000
1162.000	1.000	30.000000
1163.000	1.000	30.000000
1164.000	1.000	30.000000
1165.000	1.000	30.000000
1166.000	1.000	30.000000
1167.000	1.000	30.000000
1168.000	1.000	30.000000
1169.000	1.000	30.000000
1170.000	1.000	30.000000
1171.000	1.000	30.000000
1172.000	1.000	30.000000
1173.000	1.000	30.000000
1174.000	1.000	30.000000
1175.000	1.000	30.000000
1176.000	1.000	30.000000
1177.000	1.000	30.000000
1178.000	1.000	30.000000
1179.000	1.000	30.000000
1180.000	1.000	30.000000
1181.000	1.000	30.000000
1182.000	1.000	30.000000
1183.000	1.000	30.000000
1184.000	1.000	30.000000
1185.000	1.000	30.000000
1186.000	1.000	30.000000
1187.000	1.000	30.000000
1188.000	1.000	30.000000
1189.000	1.000	30.000000
1190.000	1.000	30.000000
1191.000	1.000	30.000000
1192.000	1.000	30.000000
1193.000	1.000	30.000000
1194.000	1.000	30.000000
1195.000	1.000	30.000000
1196.000	1.000	30.000000
1197.000	1.000	30.000000
1198.000	1.000	30.000000
1199.000	1.000	30.000000
1200.000	1.000	30.000000
1201.000	1.000	30.000000
1202.000	1.000	30.000000
1203.000	1.000	30.000000
1204.000	1.000	30.000000
1205.000	1.000	30.000000
1206.000	1.000	30.000000
1207.000	1.000	30.000000
1208.000	1.000	30.000000
1209.000	1.000	30.000000
1210.000	1.000	30.000000
1211.000	1.000	30.000000
1212.000	1.000	30.000000
1213.000	1.000	30.000000
1214.000	1.000	30.000000
1215.000	1.000	30.000000
1216.000	1.000	30.000000
1217.000	1.000	30.000000
1218.000	1.000	30.000000
1219.000	1.000	30.000000
1220.000	1.000	30.000000
1221.000	1.000	30.000000
1222.000	1.000	30.000000
1223.000	1.000	30.000000
1224.000	1.000	30.000000
1225.000	1.000	30.000000
1226.000	1.000	30.000000
1227.000	1.000	30.000000
1228.000	1.000	30.000000
1229.000	1.000	30.000000
1230.000	1.000	30.000000
1231.000	1.000	30.000000
1232.000	1.000	30.000000
1233.000	1.000	30.000000
1234.000	1.000	30.000000
1235.000	1.000	30.000000
1236.000	1.000	30.000000
1237.000	1.000	30.000000
1238.000	1.000	30.000000
1239.000	1.000	30.000000
1240.000	1.000	30.000000
1241.000	1.000	30.000000
1242.000	1.000	30.000000
1243.000	1.000	30.000000
1244.000	1.000	30.000000
1245.000	1.000	30.000000
1246.000	1.000	30.000000
1247.000	1.000	30.000000
1248.000	1.000	30.000000
1249.000	1.000	30.000000
1250.000	1.000	30.000000
1251.000	1.000	30.000000
1252.000	1.000	30.000000
1253.000	1.000	30.000000
1254.000	1.000	30.000000
1255.000	1.000	30.000000
1256.000	1.000	30.000000
1257.000	1.000	30.000000
1258.000	1.000	30.000000
1259.000	1.000	30.000000
1260.000	1.000	30.000000
1261.000	1.000	30.000000
1262.000	1.000	30.000000
1263.000	1.000	30.000000
1264.000	1.000	30.000000
1265.000	1.000	30.000000
1266.000	1.000	30.000000
1267.000	1.000	30.000000
1268.000	1.000	30.000000
1269.000	1.000	30.000000
1270.000	1.000	30.000000
1271.000	1.000	30.000000
1272.000	1.000	30.000000
1273.000	1.000	30.000000
1274.000	1.000	30.000000
1275.000	1.000	30.000000
1276.000	1.000	30.000000
1277.000	1.000	30.000000
1278.000	1.000	30.000000
1279.000	1.000	30.000000
1280.000	1.000	30.000000
1281.000	1.000	30.000000
1282.000	1.000	30.000000
1283.000	1.000	30.000000
1284.000	1.000	30.000000
1285.000	1.000	30.000000
1286.000	1.000	30.000000
1287.000	1.000	30.000000
1288.000	1.000	30.000000
1289.000	1.000	30.000000
1290.000	1.000	30.000000
1291.000	1.000	30.000000
1292.000	1.000	30.000000
1293.000	1.000	30.000000
1294.000	1.000	30.000000
1295.000	1.000	30.000000
1296.000	1.000	30.000000
1297.000	1.000	30.000000
1298.000	1.000	30.000000
1299.000	1.000	30.000000
1300.000	1.000	30.000000
1301.000	1.000	30.000000
1302.000	1.000	30.000000
1303.000	1.000	30.000000
1304.000	1.000	30.000000
1305.000	1.000	30.000000
1306.000	1.000	30.000000
1307.000	1.000	30.000000
1308.000	1.000	30.000000
1309.000	1.000	30.000000
1310.000	1.000	30.000000
1311.000	1.000	30.000000
1312.000	1.000	30.000000
1313.000	1.000	30.000000
1314.000	1.000	30.000000
1315.000	1.000	30.000000
1316.000	1.000	30.000000
1317.000	1.000	30.000000
1318.000	1.000	30.000000
1319.000	1.000	30.000000
1320.000	1.000	30.000000
1321.000	1.000	30.000000
1322.000	1.000	30.000000
1323.000	1.000	30.000000
1324.000	1.000	30.000000
1325.000	1.000	30.000000
1326.000	1.000	30.000000
1327.000	1.000	30.000000
1328.000	1.000	30.000000
1329.000	1.000	30.000000
1330.000	1.000	30.000000
1331.000	1.000	30.000000
1332.000	1.000	30.000000
1333.000	1.000	30.000000
1334.000	1.000	30.000000
1335.000	1.000	30.000000
1336.000	1.000	30.000000
1337.000	1.000	30.000000
1338.000	1.000	30.000000
1339.000	1.000	30.000000
1340.000	1.000	30.000000
1341.000	1.000	30.000000
1342.000	1.000	30.000000
1343.000	1.000	30.000000
1344.000	1.000	30.000000
1345.000	1.000	30.000000
1346.000	1.000	30.000000
1347.000	1.000	30.000000
1348.000	1.000	30.000000
1349.000	1.000	30.000000
1350.000	1.000	30.000000
1351.000	1.000	30.000000
1352.000	1.000	30.000000
1353.000	1.000	30.000000
1354.000	1.000	30.000000
1355.000	1.000	30.000000
1356.000	1.000	30.000000
1357.000	1.000	30.000000
1358.000	1.000	30.000000
1359.000	1.000	30.000000
1360.000	1.000	30.000000
1361.000	1.000	30.000000
1362.000	1.000	30.000000
1363.000	1.000	30.000000
1364.000	1.000	30.000000
1365.000	1.000	30.000000
1366.000	1.000	30.000000
1367.000	1.000	30.000000
1368.000	1.000	30.000000
1369.000	1.000	30.000000
1370.000	1.000	30.000000
1371.000	1.000	30.000000
1372.000	1.000	30.000000
1373.000	1.000	30.000000
1374.000	1.000	30.000000
1375.000	1.000	30.000000
1376.000	1.000	30.000000
1377.000	1.000	30.000000
1378.000	1.000	30.000000
1379.000	1.000	30.000000
1380.000	1.000	30.000000
1381.000	1.000	30.000000
1382.000	1.000	30.000000
1383.000	1.000	30.000000
1384.000	1.000	30.000000
1385.000	1.000	30.000000
1386.000	1.000	30.000000
1387.000	1.000	30.000000
1388.000	1.000	30.000000
1389.000	1.000	30.000000
1390.000	1.000	30.000000
1391.000	1.000	30.000000
1392.000	1.000	30.000000
1393.000	1.000	30.000000
1394.000	1.000	30.000000
1395.000	1.000	30.000000
1396.000	1.000	30.000000
1397.000	1.000	30.000000
1398.000	1.000	30.000000
1399.000	1.000	30.000000
1400.000	1.000	30.000000
1401.000	1.000	30.000000
1402.000	1.000	30.000000
1403.000	1.000	30.000000
1404.000	1.000	30.000000
1405.000	1.000	30.000000
1406.000	1.000	30.000000
1407.000	1.000	30.000000
1408.000	1.000	30.000000
1409.000	1.000	30.000000
1410.000	1.000	30.000000
1411.000	1.000	30.000000
1412.000	1.000	30.000000
1413.000	1.000	30.000000
1414.000	1.000	30.000000
1415.000	1.000	30.000000
1416.000	1.000	30.000000
1417.000	1.000	30.000000
1418.000	1.000	30.000000
1419.000	1.000	30.000000
1420.000	1.000	30.000000
1421.000	1.000	30.000000
1422.000	1.000	30.000000
1423.000	1.000	30.000000
1424.000	1.000	30.000000
1425.000	1.000	30.000000
1426.000	1.000	30.000000
1427.000	1.000	30.000000
1428.000	1.000	30.000000
1429.000	1.000	30.000000
1430.000	1.000	30.000000
1431.000	1.000	30.000000
1432.000	1.000	30.000000
1433.000	1.000	30.000000
1434.000	1.000	30.000000
1435.000	1.000	30.000000
1436.000	1.000	30.000000
1437.000	1.000	30.000000
1438.000	1.000	30.000000
1439.000	1.000	30.000000
1440.000	1.000	30.000000
1441.000	1.000	30.000000
1442.000	1.000	30.000000
1443.000	1.000	30.000000
1444.000	1.000	30.000000
1445.000	1.000	30.000000
1446.000	1.000	30.000000
1447.000	1.000	30.000000
1448.000	1.000	30.000000
1449.000	1.000	30.000000
1450.000	1.000	30.000000
1451.000	1.000	30.000000
1452.000	1.000	30.000000
1453.000	1.000	30.000000
1454.000	1.000	30.000000
1455.000	1.000	30.000000
1456.000	1.000	30.000000
1457.000	1.000	30.000000
1458.000	1.000	30.000000
1459.000	1.000	30.000000
1460.000	1.000	30.000000
1461.000	1.000	30.000000
1462.000	1.000	30.000000
1463.000	1.000	30.000000
1464.000	1.000	30.000000
1465.000	1.000	30.000000
1466.000	1.000	30.000000
1467.000	1.000	30.000000
1468.000	1.000	30.000000
1469.000	1.000	30.000000
1470.000	1.000	30.000000
1471.000	1.000	30.000000
1472.000	1.000	30.000000
1473.000	1.000	30.000000
1474.000	1.000	30.000000
1475.000	1.000	30.000000
1476.000	1.000	30.000000
1477.000	1.000	30.000000
1478.000	1.000	30.000000
1479.000	1.000	30.000000
1480.000	1.000	30.000000
1481.000	1.000	30.000000
1482.000	1.000	30.000000
1483.000	1.000	30.000000
1484.000	1.000	30.000000
1485.000	1.000	30.000000
1486.000	1.000	30.000000
1487.000	1.000	30.000000
1488.000	1.000	30.000000
1489.000	1.000	30.000000
1490.000	1.000	30.000000
1491.000	1.000	30.000000
1492.000	1.000	30.000000
1493.000	1.000	30.000000
1494.000	1.000	30.000000
1495.000	1.000	30.000000
1496.000	1.000	30.000000
1497.000	1.000	30.000000
1498.000	1.000	30.000000
1499.000	1.000	30.000000
1500.000	1.000	30.000000
1501.000	1.000	30.000000
1502.000	1.000	30.000000
1503.000	1.000	30.000000
1504.000	1.000	30.000000
1505.000	1.000	30.000000
1506.000	1.000	30.000000
1507.000	1.000	30.000000
1508.000	1.000	30.000000
1509.000	1.000	30.000000
1510.000	1.000	30.000000
1511.000	1.000	30.000000
1512.000	1.000	30.000000
1513.000	1.000	30.000000
1514.000	1.000	30.000000
1515.000	1.000	30.000000
1516.000	1.000	30.000000
1517.000	1.000	30.000000
1518.000	1.000	30.000000
1519.000	1.000	30.000000
1520.000	1.000	30.000000
1521.000	1.000	30.000000
1522.000	1.000	30.000000
1523.000	1.000	30.000000
1524.000	1.000	30.000000
1525.000	1.000	30.000000
1526.000	1.000	30.000000
1527.000	1.000	30.000000
1528.000	1.000	30.000000
1529.000	1.000	30.000000
1530.000	1.000	30.000000
1531.000	1.000	30.000000
1532.000	1.000	30.000000
1533.000	1.000	30.000000
1534.000	1.000	30.000000
1535.000	1.000	30.000000
1536.000	1.000	30.000000
1537.000	1.000	30.000000
1538.000	1.000	30.000000
1539.000	1.000	30.000000
1540.000	1.000	30.000000
1541.000	1.000	30.000000
1542.000	1.000	30.000000
1543.000	1.000	30.000000
1544.000	1.000	30.000000
1545.000	1.000	30.000000
1546.000	1.000	30.000000
1547.000	1.000	30.000000
1548.000	1.000	30.000000
1549.000	1.000	30.000000
1550.000	1.000	30.000000
1551.000	1.000	30.000000
1552.000	1.000	30.000000
1553.000	1.000	30.000000
1554.000	1.000	30.000000
1555.000	1.000	30.000000
1556.000	1.000	30.000000
1557.000	1.000	30.000000
1558.000	1.000	30.000000
1559.000	1.000	30.000000
1560.000	1.000	30.000000
1561.000	1.000	30.000000
1562.000	1.000	30.000000
1563.000	1.000	30.000000
1564.000	1.000	30.000000
1565.000	1.000	30.000000
1566.000	1.000	30.000000
1567.000	1.000	30.000000
1568.000	1.000	30.000000
1569.000	1.000	30.000000
1570.000	1.000	30.000000
1571.000	1.000	30.000000
1572.000	1.000	30.000000
1573.000	1.000	30.000000
1574.000	1.000	30.000000
1575.000	1.000	30.000000
1576.000	1.000	30.000000
1577.000	1.000	30.000000
1578.000	1.000	30.000000
1579.000	1.000	30.000000
1580.000	1.000	30.000000
1581.000	1.000	30.000000
1582.000	1.000	30.000000
1583.000	1.000	30.000000
1584.000	1.000	30.000000
1585.000	1.000	30.000000
1586.000	1.000	30.000000
1587.000	1.000	30.000000
1588.000	1.000	30.000000
1589.000	1.000	30.000000
1590.000	1.000	30.000000
1591.000	1.000	30.000000
1592.000	1.000	30.000000
1593.000	1.000	30.000000
1594.000	1.000	30.000000
1595.000	1.000	30.000000
1596.000	1.000	30.000000
1597.000	1.000	30.000000
1598.000	1.000	30.000000
1599.000	1.000	30.000000
1600.000	1.000	30.000000
1601.000	1.000	30.000000
1602.000	1.000	30.000000
1603.000	1.000	30.000000
1604.000	1.000	30.000000
1605.000	1.000	30.000000
1606.000	1.000	30.000000
1607.000	1.000	30.000000
1608.000	1.000	30.000000
1609.000	1.000	30.000000
1610.000	1.000	30.000000
1611.000	1.000	30.000000
1612.000	1.000	30.000000
1613.000	1.000	30.000000
1614.000	1.000	30.000000
1615.000	1.000	30.000000
1616.000	1.000	30.000000
1617.000	1.000	30.000000
1618.000	1.000	30.000000
1619.000	1.000	30.000000
1620.000	1.000	30.000000
1621.000	1.000	30.000000
1622.000	1.000	30.000000
1623.000	1.000	30.000000
1624.000	1.000	30.000000
1625.000	1.000	30.000000
1626.000	1.000	30.000000
1627.000	1.000	30.000000
1628.000	1.000	30.000000
1629.000	1.000	30.000000
1630.000	1.000	30.000000
1631.000	1.000	30.000000
1632.000	1.000	30.000000
1633.000	1.000	30.000000
1634.000	1.000	30.000000
1635.000	1.000	30.000000
1636.000	1.000	30.000000
1637.000	1.000	30.000000
1638.000	1.000	30.000000
1639.000	1.000	30.000000
1640.000	1.000	30.000000
1641.000	1.000	30.000000
1642.000	1.000	30.000000
1643.000	1.000	30.000000
1644.000	1.000	30.000000
1645.000	1.000	30.000000
1646.000	1.000	30.000000
1647.000	1.000	30.000000
1648.000	1.000	30.000000
1649.000	1.000	30.000000
1650.000	1.000	30.000000
1651.000	1.000	30.000000
1652.000	1.000	30.000000
1653.000	1.000	30.000000
1654.000	1.000	30.000000
1655.000	1.000	30.000000
1656.000	1.000	30.000000
1657.000	1.000	30.000000
1658.000	1.000	30.000000
1659.000	1.000	30.000000
1660.000	1.000	30.000000
1661.000	1.000	30.000000
1662.000	1.000	30.000000
1663.000	1.000	30.000000
1664.000	1.000	30.000000
1665.000	1.000	30.000000
1666.000	1.000	30.000000
1667.000	1.000	30.000000
1668.000	1.000	30.000000
1669.000	1.000	30.000000
1670.000	1.000	30.000000
1671.000	1.000	30.000000
1672.000	1.000	30.000000
1673.000	1.000	30.000000
1674.000	1.000	30.000000
1675.000	1.000	30.000000
1676.000	1.000	30.000000
1677.000	1.000	30.000000
1678.000	1.000	30.000000
1679.000	1.000	30.000000
1680.000	1.000	30.000000
1681.000	1.000	30.000000
1682.000	1.000	30.000000
1683.000	1.000	30.000000
1684.000	1.000	30.000000
1685.000	1.000	30.000000
1686.000	1.000	30.000000
